3 0.46316086 0.44482829 0.05807006 0.09255592
3 0.62587598 0.88911255 0.05649789 0.08976812
3 0.63316981 0.37285736 0.05661558 0.08898097
3 0.78317102 0.28881818 0.05614319 0.09206192
3 0.87415975 0.61747101 0.05731405 0.09090998
0 0.77602132 0.5635437 0.04774888 0.07583033
0 0.68457298 0.58559387 0.0555666 0.08948318
1 0.60245425 0.70876511 0.05403716 0.09241689
1 0.48772682 0.76296143 0.05301545 0.09114787
1 0.40851739 0.89337321 0.05258036 0.09199366
1 0.29065952 0.69328959 0.05479469 0.07743281
2 0.55734736 0.53415212 0.05567989 0.0915244
2 0.31337487 0.91677226 0.05648988 0.09008769
2 0.38485155 0.56227346 0.05808086 0.09288356
2 0.88875281 0.39300008 0.05333061 0.08678408
