0 0.51137657 0.34156626 0.06687174 0.12946889
0 0.27667131 0.0602349 0.05210783 0.1125345
0 0.07192829 0.72367411 0.05297955 0.12096746
0 0.38275852 0.47808655 0.06977336 0.12585192
0 0.34901549 0.78307236 0.06670059 0.10249898
1 0.162686 0.42134989 0.07179775 0.13227475
1 0.54340712 0.98356832 0.07062362 0.12518311
1 0.64642207 0.67529114 0.06461811 0.11642451
2 0.63009167 0.096604 0.06895027 0.12628759
2 0.58119017 -0.09814088 0.07147255 0.11905187
2 0.2870409 0.53509206 0.07089369 0.12294515
2 0.72361596 0.92606527 0.06902746 0.12683136
2 0.80092646 0.11613486 0.06961238 0.12500783
3 0.42894459 0.57938222 0.07117767 0.12830175
3 0.40759068 -0.17916295 0.06821413 0.12967678
3 0.61527532 0.35053879 0.06949927 0.12562037
3 0.77764282 0.55191467 0.06927725 0.128538
