dwunastokat [[ 965.92255  811.5824 ]
 [ 984.0489   783.1961 ]
 [1015.2835   767.5918 ]
 [1050.7893   770.6255 ]
 [1077.1548   788.9599 ]
 [1091.7123   819.6085 ]
 [1089.7645   854.0955 ]
 [1070.3647   883.88165]
 [1038.9916   895.69604]
 [1004.1938   894.2831 ]
 [ 976.6108   876.2739 ]
 [ 961.7437   841.7424 ]]szesciokat [[1233.6908   898.2593 ]
 [1288.399    863.0542 ]
 [1347.1183   894.2194 ]
 [1350.2843   962.39325]
 [1294.0638   993.0023 ]
 [1236.589    963.3057 ]]czworokat [[1000.83594  453.91348]
 [1088.818    476.15054]
 [1065.7858   564.08466]
 [ 977.1148   540.94604]]osmiokat [[1416.7128   606.37604]
 [1459.7612   578.85913]
 [1506.7694   585.922  ]
 [1536.898    628.19684]
 [1527.3297   679.47253]
 [1487.3298   706.5308 ]
 [1434.5248   696.9808 ]
 [1407.604    651.2464 ]]