dwunastokat [[600.1846  542.4786 ]
 [617.21826 511.7797 ]
 [645.2991  497.396  ]
 [677.98096 497.15674]
 [708.4983  515.2267 ]
 [721.9869  540.26904]
 [721.6814  576.87   ]
 [707.20624 603.2512 ]
 [680.3012  621.19855]
 [645.51245 622.9634 ]
 [615.29626 604.94116]
 [598.8282  576.38257]]szesciokat [[1058.589   801.2054]
 [1111.4988  764.9128]
 [1170.8303  790.2442]
 [1175.9666  855.8892]
 [1122.796   894.0873]
 [1063.9375  865.0542]]czworokat [[ 446.89722 1049.1382 ]
 [ 526.31903 1011.7192 ]
 [ 568.1772  1092.5874 ]
 [ 486.29904 1131.3635 ]]osmiokat [[1166.3862   451.04114]
 [1188.0037   408.37177]
 [1236.1875   393.9312 ]
 [1280.4343   416.6398 ]
 [1293.4877   464.79782]
 [1269.0592   508.77963]
 [1221.2765   522.54706]
 [1178.5585   499.37442]]