dwunastokat [[244.11696 329.99683]
 [276.34976 320.58853]
 [310.24326 329.17996]
 [337.07648 353.57144]
 [343.57852 391.02844]
 [333.81244 418.78494]
 [310.19537 442.9617 ]
 [278.99728 447.85056]
 [245.98549 442.6237 ]
 [222.18282 419.88794]
 [212.5592  384.71127]
 [221.275   353.4292 ]]szesciokat [[832.3422  286.53058]
 [896.4001  275.2506 ]
 [938.3353  322.06403]
 [919.309   384.7388 ]
 [853.72156 395.98892]
 [810.4646  348.0613 ]]czworokat [[ 263.28867 1062.6907 ]
 [ 354.44287 1067.5455 ]
 [ 349.84622 1160.9536 ]
 [ 258.13705 1155.7543 ]]osmiokat [[851.16705 716.8681 ]
 [898.5077  701.32385]
 [942.4366  722.87195]
 [957.9244  771.6415 ]
 [934.2635  818.7829 ]
 [887.2761  832.6527 ]
 [842.01385 810.1594 ]
 [828.2881  761.7374 ]]