czworokat [[1580.3097   384.3462 ]
 [1667.4094   409.31366]
 [1642.7587   497.50598]
 [1553.52     470.45126]]szesciokat [[1563.1826 1063.8234]
 [1633.5815 1073.9884]
 [1657.1666 1135.3578]
 [1616.4626 1188.0779]
 [1552.0361 1178.699 ]
 [1526.9039 1113.3224]]osmiokat [[1021.90186  688.5495 ]
 [1065.7368   667.0641 ]
 [1112.6222   682.5852 ]
 [1134.7977   729.7857 ]
 [1117.2533   778.03827]
 [1071.1089   798.43896]
 [1023.4998   779.1733 ]
 [1001.48346  733.4185 ]]dwunastokat [[240.72171 364.76523]
 [276.03168 361.1438 ]
 [306.4768  374.12466]
 [323.5519  403.07144]
 [327.69443 435.04913]
 [309.50955 468.6118 ]
 [280.8807  486.33838]
 [248.21033 488.65833]
 [219.0975  473.3397 ]
 [201.7136  449.9414 ]
 [198.51176 412.6015 ]
 [214.2407  382.87558]]