osmiokat [[801.7601  837.7416 ]
 [850.11835 838.06976]
 [885.4776  870.6259 ]
 [885.9927  924.2991 ]
 [849.899   959.414  ]
 [799.1859  957.33057]
 [765.07227 918.9519 ]
 [765.2861  872.6679 ]]czworokat [[ 975.8395   683.0293 ]
 [1066.8749   683.9311 ]
 [1066.6324   775.93524]
 [ 975.124    774.85803]]szesciokat [[ 943.36053  870.23486]
 [1008.1492   862.984  ]
 [1047.7201   912.3416 ]
 [1023.28784  975.0063 ]
 [ 957.35535  981.81726]
 [ 919.1878   930.4    ]]dwunastokat [[813.70026 661.93494]
 [847.27203 661.4901 ]
 [876.60315 677.8024 ]
 [890.70404 704.12866]
 [893.8014  732.98724]
 [874.3624  771.3333 ]
 [848.94653 786.083  ]
 [813.10803 787.87103]
 [784.6549  770.63324]
 [767.40063 743.06885]
 [766.1596  709.7523 ]
 [782.6513  679.1807 ]]