osmiokat [[1011.4686   994.6035 ]
 [1038.0676   951.6282 ]
 [1083.5586   941.57733]
 [1125.9147   967.98834]
 [1137.037   1015.54895]
 [1113.5208  1057.1251 ]
 [1066.7333  1068.9242 ]
 [1020.2122  1044.5261 ]]szesciokat [[1451.1288  1058.6211 ]
 [1498.8682  1019.33124]
 [1560.0449  1037.4094 ]
 [1574.9089  1100.5326 ]
 [1526.5549  1144.043  ]
 [1463.2358  1121.9688 ]]czworokat [[1106.8701   575.2756 ]
 [1188.1692   613.7377 ]
 [1150.3179   696.1625 ]
 [1067.4825   655.87585]]dwunastokat [[709.2408  740.207  ]
 [736.5446  721.0681 ]
 [769.7252  715.3631 ]
 [800.004   726.5787 ]
 [822.1437  754.0234 ]
 [825.9543  791.419  ]
 [811.7986  821.861  ]
 [785.62823 842.13477]
 [753.45984 845.8139 ]
 [721.305   832.1092 ]
 [700.87286 806.33075]
 [697.121   772.752  ]]