czworokat [[293.64297 302.3167 ]
 [372.4223  343.06537]
 [331.33777 423.36603]
 [250.44608 383.0504 ]]szesciokat [[1071.2456   724.71277]
 [1137.2961   718.41376]
 [1173.3945   771.21497]
 [1146.1475   830.0706 ]
 [1082.0942   835.1513 ]
 [1046.1833   780.0989 ]]osmiokat [[1628.6862   331.0726 ]
 [1674.8545   348.47797]
 [1696.6115   394.36264]
 [1678.0985   441.7833 ]
 [1631.3948   461.1595 ]
 [1584.6298   442.0821 ]
 [1565.6216   398.39288]
 [1582.1068   351.86414]]dwunastokat [[ 177.90503  948.8528 ]
 [ 208.50525  943.5934 ]
 [ 239.56781  953.1465 ]
 [ 261.5897   976.9296 ]
 [ 269.69275 1013.2355 ]
 [ 259.307   1043.5945 ]
 [ 231.92398 1067.2504 ]
 [ 197.68039 1070.7993 ]
 [ 169.64287 1063.0349 ]
 [ 147.56012 1037.6017 ]
 [ 140.45364 1002.9979 ]
 [ 150.8489   970.8156 ]]