czworokat [[ 914.11566  717.7419 ]
 [1002.7912   715.22003]
 [1005.5841   805.9361 ]
 [ 916.73566  808.03564]]szesciokat [[1038.7559   914.8412 ]
 [1081.8904   867.0389 ]
 [1146.8104   879.62805]
 [1166.54     941.6534 ]
 [1124.5898   989.2461 ]
 [1058.2819   976.79846]]osmiokat [[1046.3551   717.8765 ]
 [1092.1376   702.0084 ]
 [1137.7054   723.2902 ]
 [1154.8472   769.71216]
 [1135.0474   815.12256]
 [1084.3574   831.8067 ]
 [1039.6464   808.6507 ]
 [1025.7262   761.0019 ]]dwunastokat [[ 928.80804  850.49365]
 [ 962.4626   845.7528 ]
 [ 994.8734   860.61914]
 [1013.9818   884.1727 ]
 [1016.70404  920.4427 ]
 [1006.4411   951.0763 ]
 [ 980.91205  969.8665 ]
 [ 949.708    974.1881 ]
 [ 913.3012   963.1614 ]
 [ 891.6585   937.7229 ]
 [ 888.21985  902.30756]
 [ 901.19104  870.0122 ]]