czworokat [[1052.246    787.1325 ]
 [1142.4113   788.37744]
 [1142.1475   879.7967 ]
 [1048.246    878.3376 ]]szesciokat [[1051.0902   649.0712 ]
 [1115.5422   662.9496 ]
 [1134.3182   722.11346]
 [1090.688    771.69   ]
 [1025.3494   758.4992 ]
 [1007.99915  696.37714]]osmiokat [[1196.3773   778.7066 ]
 [1244.0979   768.98914]
 [1287.9254   797.1429 ]
 [1297.2277   847.5223 ]
 [1270.6068   886.16895]
 [1220.5349   896.24854]
 [1177.3777   868.68115]
 [1169.1465   817.1958 ]]dwunastokat [[1187.2057   632.8034 ]
 [1219.0779   623.75006]
 [1251.059    628.0984 ]
 [1276.2333   652.36194]
 [1285.5284   681.4339 ]
 [1278.9906   714.0047 ]
 [1257.5182   739.5617 ]
 [1225.5701   748.9054 ]
 [1192.3029   743.1069 ]
 [1167.3591   720.49304]
 [1157.6921   689.3392 ]
 [1165.9209   655.6979 ]]