czworokat [[ 946.89575 1114.396  ]
 [1038.079   1112.1119 ]
 [1041.3918  1202.1869 ]
 [ 948.3962  1204.8633 ]]szesciokat [[154.63179 319.4624 ]
 [204.14354 280.08624]
 [264.08023 303.44983]
 [272.30365 365.7491 ]
 [222.17883 405.71146]
 [163.22034 381.25897]]osmiokat [[1018.28644  754.37585]
 [1064.0646   735.8901 ]
 [1110.8243   751.60724]
 [1132.7296   797.6415 ]
 [1115.143    842.7063 ]
 [1068.8109   863.7913 ]
 [1022.3802   847.95996]
 [1002.86554  802.30365]]dwunastokat [[1643.7719   301.29538]
 [1678.2123   304.37775]
 [1704.2848   324.08917]
 [1717.4155   352.6332 ]
 [1713.3353   388.12955]
 [1694.228    414.7701 ]
 [1663.0421   425.97894]
 [1624.7611   424.58484]
 [1600.8235   398.62033]
 [1589.3408   369.16968]
 [1592.1409   339.44913]
 [1612.6292   314.18454]]