czworokat [[1195.5792   777.77313]
 [1286.8782   772.69995]
 [1292.1583   864.4799 ]
 [1200.5902   868.7831 ]]szesciokat [[1211.2134   610.3243 ]
 [1273.9655   623.30896]
 [1293.4291   681.8624 ]
 [1251.8584   732.0613 ]
 [1187.8835   720.08386]
 [1167.6743   657.3576 ]]osmiokat [[1085.0812   766.91016]
 [1129.7332   763.5759 ]
 [1169.0623   796.72766]
 [1171.581    848.0875 ]
 [1137.4208   884.9435 ]
 [1088.6615   886.3482 ]
 [1051.6433   850.8799 ]
 [1051.4907   802.2391 ]]dwunastokat [[1085.2046   606.00446]
 [1119.0286   607.3079 ]
 [1145.8718   624.9652 ]
 [1162.8809   652.6008 ]
 [1162.9434   685.4234 ]
 [1143.023    714.7425 ]
 [1115.691    729.0009 ]
 [1083.6555   728.0065 ]
 [1053.361    711.07916]
 [1037.7585   681.78687]
 [1039.0603   648.5916 ]
 [1056.3041   620.66016]]