czworokat [[1020.1696  1091.6213 ]
 [1111.9923  1097.9818 ]
 [1106.2128  1189.1152 ]
 [1013.69244 1183.2632 ]]szesciokat [[1531.0647   961.0331 ]
 [1594.2961   948.77313]
 [1636.7185   996.91223]
 [1617.9501  1057.183  ]
 [1553.5255  1071.1366 ]
 [1511.3806  1023.93353]]osmiokat [[1038.5737   251.23898]
 [1086.5515   235.54312]
 [1128.9169   257.96335]
 [1144.8746   305.81287]
 [1122.4028   348.9949 ]
 [1075.2523   363.07187]
 [1030.2242   341.118  ]
 [1017.39136  291.58685]]dwunastokat [[ 662.69073 1023.81354]
 [ 692.5303  1019.9786 ]
 [ 726.03937 1032.9944 ]
 [ 746.3535  1060.8002 ]
 [ 749.6302  1090.6251 ]
 [ 737.5444  1122.4427 ]
 [ 712.79834 1141.1335 ]
 [ 677.1768  1146.0002 ]
 [ 647.4231  1133.2927 ]
 [ 628.36224 1108.4038 ]
 [ 623.8882  1073.1254 ]
 [ 639.71735 1038.2616 ]]