osmiokat [[721.84265 271.5843 ]
 [762.1167  244.44936]
 [810.96533 252.80006]
 [839.63367 293.5308 ]
 [829.3013  341.5521 ]
 [789.02594 365.34818]
 [740.6166  358.60333]
 [712.8632  318.42554]]dwunastokat [[1581.2861 1107.8374]
 [1611.9001 1105.8699]
 [1643.2717 1118.2024]
 [1659.9299 1142.27  ]
 [1665.2618 1177.0728]
 [1652.0634 1207.3816]
 [1628.5887 1221.2671]
 [1560.0962 1219.7535]
 [1541.6937 1196.6415]
 [1537.6588 1155.4559]
 [1555.6644 1123.8015]
 [1568.0107 1113.5784]]szesciokat [[1134.1619   878.4392 ]
 [1200.0862   869.38855]
 [1236.9933   919.676  ]
 [1212.5791   980.5935 ]
 [1148.6798   988.7174 ]
 [1111.0653   936.92596]]czworokat [[146.37065 644.57117]
 [233.2286  639.5913 ]
 [238.45924 729.91693]
 [151.6751  734.2934 ]]