czworokat [[1535.133    350.4419 ]
 [1608.3541   404.0964 ]
 [1556.1024   478.47333]
 [1478.3197   423.42972]]szesciokat [[502.09735 413.53958]
 [550.78534 373.9671 ]
 [609.86304 396.29077]
 [620.5877  458.2592 ]
 [569.4396  499.8382 ]
 [511.12073 476.38724]]osmiokat [[1095.99     590.4344 ]
 [1147.6945   581.82446]
 [1187.8644   609.4182 ]
 [1196.132    662.0782 ]
 [1168.5511   700.7149 ]
 [1115.6349   709.11017]
 [1076.5273   680.4275 ]
 [1066.971    629.56537]]dwunastokat [[811.2948  690.7925 ]
 [847.77673 695.85284]
 [873.1691  717.0763 ]
 [882.987   746.43005]
 [879.4169  778.7969 ]
 [857.55347 807.3583 ]
 [825.78265 818.53284]
 [794.2993  813.7989 ]
 [768.54346 794.0127 ]
 [757.23047 762.7897 ]
 [761.80804 727.1173 ]
 [782.836   701.3051 ]]