czworokat [[652.8863  374.15808]
 [740.8075  348.89478]
 [766.8243  437.34225]
 [678.0678  461.18362]]szesciokat [[332.6792  769.0818 ]
 [398.31754 768.17316]
 [428.76855 824.4874 ]
 [399.78662 879.76874]
 [331.80243 880.9354 ]
 [299.72348 824.3417 ]]osmiokat [[1440.9618   473.9996 ]
 [1488.2803   454.905  ]
 [1533.2723   471.08322]
 [1552.751    517.8962 ]
 [1535.7355   565.27234]
 [1490.1377   583.3113 ]
 [1445.6873   568.81104]
 [1424.4906   521.53375]]dwunastokat [[1053.9547  1015.73553]
 [1084.7815  1008.5842 ]
 [1117.9795  1018.8339 ]
 [1141.2349  1044.9502 ]
 [1148.8918  1076.2122 ]
 [1140.1102  1108.5162 ]
 [1111.8296  1133.2395 ]
 [1076.036   1139.2434 ]
 [1047.482   1130.7751 ]
 [1024.3464  1104.1144 ]
 [1016.8865  1072.4619 ]
 [1027.2351  1039.5614 ]]