czworokat [[1415.1647 1057.576 ]
 [1476.1282 1130.724 ]
 [1403.7448 1187.0253]
 [1343.4297 1116.5115]]szesciokat [[1080.704    443.52606]
 [1136.9011   411.86194]
 [1194.805    446.28314]
 [1192.6965   509.08896]
 [1134.617    542.0412 ]
 [1079.4408   508.71   ]]osmiokat [[653.8881  789.06165]
 [696.4075  761.4262 ]
 [744.41705 768.8411 ]
 [772.44653 809.86115]
 [763.92004 857.26166]
 [724.4423  884.71735]
 [675.50684 878.1239 ]
 [644.85126 836.95807]]dwunastokat [[569.4153  413.3924 ]
 [549.42035 440.49612]
 [546.2868  477.02917]
 [559.26337 506.3421 ]
 [589.8112  528.1316 ]
 [618.35944 528.5209 ]
 [655.2751  512.4483 ]
 [673.1851  484.14548]
 [674.04706 448.50092]
 [659.95715 425.22498]
 [632.6375  404.53503]
 [599.7446  401.5649 ]]