czworokat [[1345.4048 1117.8689]
 [1416.13   1058.637 ]
 [1474.598  1128.4856]
 [1404.189  1187.1721]]szesciokat [[1175.8801   454.2524 ]
 [1241.0847   454.37067]
 [1270.6947   509.37842]
 [1239.7723   566.2507 ]
 [1175.1052   564.61884]
 [1143.479    508.93808]]osmiokat [[ 298.4796   916.0957 ]
 [ 341.39847  890.27454]
 [ 390.75806  899.7793 ]
 [ 415.79102  941.39856]
 [ 405.5983   989.45624]
 [ 366.51157 1015.45465]
 [ 313.32086 1007.8986 ]
 [ 285.9093   965.5821 ]]dwunastokat [[595.953   233.06923]
 [629.8826  230.29887]
 [660.64075 244.8287 ]
 [677.06024 270.10635]
 [678.31067 306.5843 ]
 [665.90515 337.56616]
 [642.43225 351.36383]
 [610.073   355.02213]
 [576.1613  343.7593 ]
 [556.9186  316.34586]
 [554.72723 281.54886]
 [568.9079  251.7022 ]]