czworokat [[1416.2349 1058.6392]
 [1475.6791 1129.5593]
 [1404.5469 1188.1603]
 [1342.7621 1115.9336]]szesciokat [[803.58386 853.682  ]
 [866.6877  837.08905]
 [912.8396  882.77075]
 [895.9422  946.08826]
 [831.80914 961.9942 ]
 [787.3533  916.6115 ]]osmiokat [[1521.7153   386.7096 ]
 [1573.3118   387.0257 ]
 [1607.4266   425.476  ]
 [1606.4692   473.09363]
 [1570.1837   506.4748 ]
 [1520.127    506.47626]
 [1486.6713   468.9909 ]
 [1486.0208   422.05325]]dwunastokat [[1060.917    550.2248 ]
 [1095.92     544.14905]
 [1129.2665   556.17883]
 [1150.0789   582.0334 ]
 [1155.7205   614.8248 ]
 [1140.9723   647.17346]
 [1117.142    667.8465 ]
 [1087.7089   673.40717]
 [1051.8342   661.72974]
 [1031.543    638.4671 ]
 [1025.5092   604.04144]
 [1037.1478   569.61084]]