czworokat [[1078.717    877.5655 ]
 [1157.0138   923.28357]
 [1110.0803  1003.97284]
 [1031.7648   957.2036 ]]szesciokat [[1458.6078   439.23956]
 [1521.1887   427.61594]
 [1566.4747   474.20535]
 [1546.9064   537.517  ]
 [1485.7001   549.5016 ]
 [1438.479    501.18765]]osmiokat [[ 582.36707  967.899  ]
 [ 625.7039   940.60144]
 [ 672.94714  946.8016 ]
 [ 702.25323  988.3355 ]
 [ 693.9782  1039.6581 ]
 [ 653.70844 1068.621  ]
 [ 600.6047  1058.6028 ]
 [ 574.24365 1018.9407 ]]dwunastokat [[562.01605 421.94992]
 [593.58105 418.70755]
 [626.0494  430.66376]
 [648.8786  455.52826]
 [652.07635 489.3294 ]
 [643.8881  514.39404]
 [615.6034  538.0913 ]
 [585.0081  547.5337 ]
 [550.77734 535.777  ]
 [526.38947 507.82114]
 [524.0293  470.4947 ]
 [534.00226 443.01956]]