czworokat [[1079.1273   878.78485]
 [1156.9221   924.4051 ]
 [1111.3536  1003.21295]
 [1031.7869   955.5182 ]]szesciokat [[ 947.68085  580.11975]
 [ 991.7965   533.1391 ]
 [1056.4045   544.21826]
 [1076.5597   608.1074 ]
 [1033.0771   653.9731 ]
 [ 969.90466  642.4623 ]]osmiokat [[805.8952  816.7226 ]
 [836.1574  776.3367 ]
 [884.4101  768.5152 ]
 [922.74524 797.0451 ]
 [930.992   845.1517 ]
 [902.4941  885.6078 ]
 [854.0535  894.37286]
 [812.6602  865.2687 ]]dwunastokat [[560.0793  421.55014]
 [594.051   417.42517]
 [624.76794 428.85712]
 [646.7337  454.31775]
 [651.9493  487.88956]
 [640.48376 517.80316]
 [618.04236 538.69116]
 [584.49695 546.8578 ]
 [547.1425  534.8271 ]
 [526.8073  509.43967]
 [523.32263 472.41324]
 [535.63617 442.01825]]