osmiokat [[1073.5542   574.86707]
 [1112.0441   543.4533 ]
 [1161.0802   548.8819 ]
 [1190.7112   587.0147 ]
 [1185.0717   638.2663 ]
 [1145.6992   668.1847 ]
 [1097.3114   661.4811 ]
 [1067.2797   622.9866 ]]szesciokat [[ 914.99585  827.5851 ]
 [ 973.2548   799.1162 ]
 [1029.6812   835.9608 ]
 [1022.80896  902.4726 ]
 [ 963.853    929.54205]
 [ 909.9281   894.0427 ]]czworokat [[549.77893 717.93115]
 [627.4737  761.0337 ]
 [586.19104 842.29706]
 [508.85223 797.9778 ]]dwunastokat [[772.4915  446.66672]
 [797.39716 425.1187 ]
 [826.9826  417.55588]
 [861.21796 429.05588]
 [884.0327  453.63257]
 [890.3757  484.07297]
 [878.5822  517.83685]
 [855.83923 538.91907]
 [821.67676 546.90326]
 [788.3198  534.63324]
 [767.5587  510.53632]
 [761.5676  476.701  ]]