czworokat [[500.61948 773.02496]
 [579.4747  811.58325]
 [540.1298  894.59375]
 [458.70947 853.753  ]]szesciokat [[ 952.637    709.3507 ]
 [1016.9427   713.92633]
 [1042.7583   773.51984]
 [1005.9403   828.1174 ]
 [ 941.0545   822.10443]
 [ 914.0421   762.9374 ]]osmiokat [[831.6009  207.28574]
 [880.0915  216.18352]
 [908.6793  256.69687]
 [898.75165 306.12228]
 [857.2801  334.32816]
 [806.6877  323.7071 ]
 [781.62195 282.48935]
 [789.96954 234.35736]]dwunastokat [[315.21957 330.0821 ]
 [349.7577  328.79776]
 [382.42596 346.81033]
 [396.96588 374.6083 ]
 [398.74103 406.3093 ]
 [381.69852 435.91867]
 [356.0064  452.17682]
 [323.0196  456.46762]
 [289.74347 440.96475]
 [273.20303 411.7785 ]
 [271.29837 374.8115 ]
 [288.0232  347.76343]]