czworokat [[1214.3068   434.44873]
 [1293.5885   480.0793 ]
 [1248.0309   558.0688 ]
 [1168.3335   512.32495]]szesciokat [[ 954.80786  707.8194 ]
 [1008.8676   743.19354]
 [1004.6095   805.551  ]
 [ 947.1353   834.97015]
 [ 893.68585  799.17737]
 [ 899.91656  731.23193]]osmiokat [[ 468.60547  977.4402 ]
 [ 508.8636   952.807  ]
 [ 558.02686  960.86414]
 [ 584.6902  1002.72345]
 [ 575.6534  1051.4834 ]
 [ 533.7264  1080.3225 ]
 [ 484.99588 1068.1212 ]
 [ 457.01733 1027.6553 ]]dwunastokat [[653.71857 356.4401 ]
 [667.4856  325.74802]
 [695.7913  306.163  ]
 [728.3411  303.34995]
 [759.8116  317.21698]
 [778.7961  344.7192 ]
 [780.4438  379.13876]
 [768.0716  407.4626 ]
 [741.7587  423.4955 ]
 [707.1273  428.66208]
 [676.10724 416.0236 ]
 [656.95465 388.705  ]]