czworokat [[422.3679  575.8638 ]
 [498.43204 529.836  ]
 [546.1493  606.5892 ]
 [468.06998 652.712  ]]szesciokat [[1296.1694   447.05258]
 [1358.4799   427.55328]
 [1406.3618   471.3123 ]
 [1393.1638   535.1944 ]
 [1331.0428   553.23987]
 [1281.9666   511.4613 ]]osmiokat [[ 689.603   1008.5087 ]
 [ 736.21423  996.27454]
 [ 779.65247 1017.78235]
 [ 793.3036  1067.8549 ]
 [ 767.9704  1110.0292 ]
 [ 718.38574 1121.7775 ]
 [ 676.9833  1097.942  ]
 [ 663.81976 1049.568  ]]dwunastokat [[889.7072  674.39825]
 [918.4085  657.29224]
 [951.41187 656.6997 ]
 [981.39886 673.8441 ]
 [997.38336 700.3726 ]
 [998.03125 737.2658 ]
 [983.3671  763.8471 ]
 [953.3963  782.2909 ]
 [921.23737 782.27985]
 [890.6903  766.0019 ]
 [873.80035 737.8272 ]
 [872.8747  701.90985]]