czworokat [[441.08493 631.3918 ]
 [529.69977 642.6252 ]
 [517.9062  732.9894 ]
 [427.85367 721.1278 ]]szesciokat [[745.5939  338.16766]
 [809.6694  335.81436]
 [843.2837  389.25223]
 [813.37933 447.57114]
 [748.3913  448.1924 ]
 [715.3343  393.31976]]osmiokat [[1307.5254   487.7916 ]
 [1331.6023   445.90314]
 [1378.5582   432.19385]
 [1422.2269   455.3061 ]
 [1436.8779   502.5008 ]
 [1413.2328   546.6885 ]
 [1367.4243   559.76965]
 [1321.1202   535.62946]]dwunastokat [[1057.6749   976.7946 ]
 [1075.2787   951.6523 ]
 [1106.2115   935.4505 ]
 [1138.827    934.55676]
 [1168.2848   953.5378 ]
 [1182.2854   980.1791 ]
 [1182.3313  1017.1322 ]
 [1163.1716  1046.2847 ]
 [1134.7587  1061.0721 ]
 [1101.1317  1060.3176 ]
 [1074.0385  1043.0585 ]
 [1055.2781  1013.62524]]