czworokat [[609.90576 768.6188 ]
 [701.56573 771.9288 ]
 [697.9763  863.9771 ]
 [604.60785 860.45465]]szesciokat [[336.4326  515.3487 ]
 [388.11063 473.4086 ]
 [450.15305 496.38837]
 [458.50742 560.8585 ]
 [407.8484  601.79944]
 [348.1531  579.19586]]osmiokat [[ 983.0257   593.39874]
 [1026.7391   571.55786]
 [1075.5381   586.51483]
 [1096.8802   630.8533 ]
 [1083.7496   675.8373 ]
 [1036.1765   698.8789 ]
 [ 989.9281   686.02356]
 [ 967.1128   641.4011 ]]dwunastokat [[1244.041    326.1345 ]
 [1274.0531   305.3357 ]
 [1305.1947   303.7013 ]
 [1336.9279   320.18658]
 [1353.6761   347.10553]
 [1356.1646   379.25992]
 [1341.6202   409.92215]
 [1312.4847   428.5546 ]
 [1281.0522   430.38882]
 [1249.5602   414.15817]
 [1231.5798   387.82977]
 [1229.0446   354.86493]]