czworokat [[1342.096    815.7014 ]
 [1434.4813   811.53827]
 [1440.2767   902.0048 ]
 [1346.6936   907.386  ]]szesciokat [[337.90216 515.05133]
 [386.9672  474.1128 ]
 [448.6991  495.77118]
 [457.3672  559.9444 ]
 [409.29398 600.5735 ]
 [348.6673  579.2581 ]]osmiokat [[ 857.42566 1024.1769 ]
 [ 899.7631  1002.56836]
 [ 945.7892  1016.85986]
 [ 969.75977 1061.9713 ]
 [ 953.27484 1109.3135 ]
 [ 912.31323 1132.5812 ]
 [ 862.1644  1118.981  ]
 [ 839.1949  1071.2808 ]]dwunastokat [[482.1961  831.88983]
 [506.31247 809.2161 ]
 [542.52057 801.7189 ]
 [568.07965 809.4872 ]
 [590.8388  834.0015 ]
 [599.3392  867.33765]
 [590.6321  897.476  ]
 [566.25085 924.07697]
 [532.42633 930.25793]
 [500.92664 920.2986 ]
 [479.5337  896.40424]
 [471.45422 861.7599 ]]