czworokat [[858.46497 350.7331 ]
 [947.7215  349.82053]
 [949.88696 438.5577 ]
 [859.0565  440.3367 ]]szesciokat [[1120.8763   656.93933]
 [1173.478    619.1565 ]
 [1232.1022   647.35345]
 [1237.3705   710.5118 ]
 [1185.1503   748.28467]
 [1125.4521   721.09143]]osmiokat [[869.6034  664.3958 ]
 [914.9073  645.5903 ]
 [961.72046 667.9088 ]
 [979.0672  712.2769 ]
 [960.48566 758.4962 ]
 [913.223   776.9508 ]
 [868.42145 758.0298 ]
 [848.9781  711.52856]]dwunastokat [[1297.8289   366.45215]
 [1320.0657   343.63998]
 [1352.6978   334.832  ]
 [1385.2584   342.78375]
 [1408.356    367.39624]
 [1416.5573   400.5414 ]
 [1408.001    431.23236]
 [1385.1354   455.09802]
 [1356.3813   462.5077 ]
 [1322.0128   455.5542 ]
 [1299.4747   431.81693]
 [1289.3708   399.23712]]