czworokat [[477.56998 722.2696 ]
 [566.9136  723.91504]
 [567.4301  812.9884 ]
 [476.4108  813.21   ]]szesciokat [[1088.0295 1085.799 ]
 [1110.468  1024.6683]
 [1172.0791 1012.9403]
 [1214.6333 1062.0349]
 [1194.8953 1122.5698]
 [1130.785  1135.0947]]osmiokat [[685.4346  401.32425]
 [722.6945  372.3712 ]
 [772.58264 376.27814]
 [803.41455 414.3473 ]
 [799.961   465.12814]
 [758.9641  493.252  ]
 [707.77136 489.17902]
 [678.91345 451.1435 ]]dwunastokat [[ 768.0267   908.8678 ]
 [ 793.0127   886.2219 ]
 [ 828.2461   880.0318 ]
 [ 858.6867   888.6861 ]
 [ 879.66626  912.91724]
 [ 887.7871   947.6224 ]
 [ 877.4834   977.76654]
 [ 858.49744  999.1791 ]
 [ 821.42365 1008.0409 ]
 [ 786.0782  1000.31146]
 [ 765.06836  975.0555 ]
 [ 757.4948   941.0907 ]]