czworokat [[1271.9209  525.6328]
 [1326.0933  453.4246]
 [1400.1831  505.922 ]
 [1347.1332  580.396 ]]dwunastokat [[556.26715 372.73798]
 [569.492   343.1716 ]
 [594.01764 327.11176]
 [629.53546 322.76904]
 [659.30035 336.7611 ]
 [678.6165  363.3175 ]
 [681.7804  399.2814 ]
 [669.98627 425.78467]
 [642.02875 446.52655]
 [604.44403 448.74002]
 [577.5553  436.7428 ]
 [556.93463 405.9708 ]]osmiokat [[ 919.2004   570.8994 ]
 [ 956.21124  536.38025]
 [1006.0669   537.05383]
 [1040.6259   574.0738 ]
 [1039.5187   623.2175 ]
 [1002.55493  657.32465]
 [ 950.212    657.99976]
 [ 918.90424  621.0927 ]]szesciokat [[492.81094 737.20795]
 [528.48474 684.5973 ]
 [593.2435  686.53394]
 [620.0743  746.98126]
 [586.0887  799.69037]
 [520.2979  796.10486]]