dwunastokat [[1381.62     435.0373 ]
 [1383.2507   405.44318]
 [1402.7262   377.79706]
 [1436.832    363.7263 ]
 [1468.2466   366.3716 ]
 [1495.841    387.05743]
 [1509.0302   415.3372 ]
 [1505.9705   452.17722]
 [1484.9003   478.551  ]
 [1456.0919   491.38156]
 [1416.7793   485.57468]
 [1389.8075   462.76132]]czworokat [[906.5121  871.52985]
 [997.62256 880.52203]
 [988.62494 969.10394]
 [896.7617  962.16113]]szesciokat [[305.6156  741.1799 ]
 [353.8995  697.37976]
 [414.7967  713.9848 ]
 [429.57355 775.9764 ]
 [384.24615 821.17194]
 [322.28644 802.60345]]osmiokat [[ 903.8176   638.8794 ]
 [ 932.40076  599.198  ]
 [ 982.3151   593.1987 ]
 [1021.27277  623.51227]
 [1028.1208   673.06226]
 [ 999.0696   711.9579 ]
 [ 950.3612   719.1885 ]
 [ 909.36096  689.6802 ]]