dwunastokat [[ 642.31195  913.3311 ]
 [ 668.52496  888.79095]
 [ 699.2862   881.2147 ]
 [ 733.297    890.9619 ]
 [ 754.2846   912.5463 ]
 [ 761.88715  943.37213]
 [ 753.5073   978.32904]
 [ 729.9845  1001.2381 ]
 [ 700.88763 1010.68195]
 [ 667.9578  1004.40344]
 [ 642.1233   979.66766]
 [ 633.274    946.1418 ]]czworokat [[1471.4109   448.47864]
 [1557.5778   480.51288]
 [1524.7683   567.1557 ]
 [1436.7363   531.8167 ]]szesciokat [[615.69336 459.18185]
 [650.92847 407.18372]
 [716.5968  409.76962]
 [744.7161  466.59604]
 [709.6264  519.21466]
 [644.5153  517.3327 ]]osmiokat [[1418.2252   899.6775 ]
 [1458.5104   870.00256]
 [1510.881    878.24506]
 [1539.1632   917.82764]
 [1532.3301   966.7492 ]
 [1492.6307   997.4448 ]
 [1442.1057   989.8559 ]
 [1411.4144   949.6363 ]]