dwunastokat [[822.76935 651.6031 ]
 [840.1937  621.9896 ]
 [868.916   606.5609 ]
 [901.17554 606.05414]
 [932.41284 621.92413]
 [949.40924 649.5972 ]
 [948.32056 682.41345]
 [933.45575 713.12805]
 [905.28076 729.5474 ]
 [870.4298  731.61163]
 [841.21515 715.202  ]
 [823.2821  684.44336]]osmiokat [[1120.512   1056.5122 ]
 [1154.5654  1018.79395]
 [1206.9019  1019.41895]
 [1242.6202  1054.3975 ]
 [1245.4592  1104.4609 ]
 [1211.7662  1140.2938 ]
 [1156.5771  1142.2126 ]
 [1121.5621  1105.4718 ]]szesciokat [[1208.5187   513.5862 ]
 [1268.7277   487.89728]
 [1320.2072   526.4727 ]
 [1311.3      590.7452 ]
 [1253.9928   614.87885]
 [1200.9994   577.99164]]czworokat [[ 664.6441   943.39844]
 [ 756.5079   949.5768 ]
 [ 751.783   1039.4534 ]
 [ 658.08466 1032.3807 ]]