osmiokat [[1007.56903  368.65256]
 [1036.9116   328.75305]
 [1086.0287   322.87344]
 [1126.0212   352.9087 ]
 [1133.9309   400.05493]
 [1103.5383   440.66345]
 [1052.3776   445.56564]
 [1016.433    422.00577]]czworokat [[1495.5602   825.1192 ]
 [1560.1716   762.242  ]
 [1623.4525   829.84906]
 [1556.8801   892.3784 ]]dwunastokat [[345.54626 593.1935 ]
 [363.19046 562.51105]
 [389.36942 545.4231 ]
 [421.95844 543.4152 ]
 [454.88345 559.6339 ]
 [472.95105 585.03534]
 [472.97458 618.17615]
 [459.7291  647.6976 ]
 [434.80615 667.46   ]
 [398.02496 670.6579 ]
 [364.92322 654.6204 ]
 [347.2458  624.43243]]szesciokat [[ 344.8316   939.8321 ]
 [ 380.97806  888.7212 ]
 [ 443.3908   891.66425]
 [ 471.79007  950.6389 ]
 [ 437.50848 1003.9381 ]
 [ 372.9484   997.54083]]