szesciokat [[1247.6958   755.8724 ]
 [1308.9795   735.29266]
 [1358.1278   779.94617]
 [1344.3538   843.77826]
 [1283.6246   864.59344]
 [1234.2798   820.1801 ]]osmiokat [[475.83267 415.32315]
 [511.38644 383.52136]
 [560.5803  384.90518]
 [594.52057 421.79135]
 [590.7082  469.26297]
 [553.9225  503.19986]
 [505.33313 502.09854]
 [473.01562 465.2918 ]]dwunastokat [[ 915.4904   568.719  ]
 [ 945.8022   560.0966 ]
 [ 979.18665  567.8127 ]
 [1003.58923  589.9359 ]
 [1013.05585  620.20844]
 [1006.3178   652.2833 ]
 [ 981.47235  678.93896]
 [ 950.74396  687.5094 ]
 [ 917.7617   680.7133 ]
 [ 894.3085   658.5911 ]
 [ 885.2484   627.4195 ]
 [ 892.0052   593.0954 ]]czworokat [[814.4756  739.0682 ]
 [889.7808  790.3249 ]
 [836.9254  864.52075]
 [762.48456 810.7007 ]]