czworokat [[898.1015  570.29724]
 [974.8115  619.2006 ]
 [925.11694 697.72174]
 [849.19714 647.1936 ]]szesciokat [[517.2594  803.63586]
 [561.3335  757.5684 ]
 [623.919   771.2713 ]
 [643.0668  830.48883]
 [600.3446  880.6524 ]
 [534.9568  865.6615 ]]dwunastokat [[1000.15796 1024.7628 ]
 [1026.803   1008.6219 ]
 [1055.3312  1006.22327]
 [1087.02    1020.9104 ]
 [1106.3412  1051.4701 ]
 [1107.5759  1084.6364 ]
 [1091.7466  1113.2871 ]
 [1062.3381  1132.6371 ]
 [1025.3931  1131.9238 ]
 [ 998.41296 1115.3109 ]
 [ 982.26654 1086.859  ]
 [ 980.45087 1050.6425 ]]osmiokat [[1317.0283   552.9645 ]
 [1351.5642   516.6221 ]
 [1400.3544   512.52356]
 [1437.1688   545.7061 ]
 [1439.728    594.712  ]
 [1408.5327   632.439  ]
 [1358.8544   634.9459 ]
 [1320.9471   602.139  ]]