osmiokat [[1448.6134   449.87805]
 [1473.005    404.68982]
 [1523.6471   392.95932]
 [1564.2855   421.97565]
 [1577.1772   464.213  ]
 [1552.4739   508.3489 ]
 [1505.769    521.38464]
 [1458.4816   496.79916]]dwunastokat [[780.1414  680.8562 ]
 [802.43134 656.0157 ]
 [830.70074 647.29816]
 [861.58295 650.67224]
 [889.0072  672.8974 ]
 [901.8089  705.63   ]
 [893.89996 741.5114 ]
 [874.66656 765.30597]
 [838.88586 775.15686]
 [808.3079  769.1054 ]
 [784.94366 748.7863 ]
 [769.9019  711.8021 ]]czworokat [[1086.6425   828.8165 ]
 [1174.5057   850.80634]
 [1151.5881   937.1707 ]
 [1063.069    916.07465]]szesciokat [[628.9061  392.78372]
 [660.9743  339.13358]
 [725.74255 340.1348 ]
 [755.5282  394.05222]
 [726.24164 449.1216 ]
 [661.102   450.45566]]