czworokat [[1085.3358   829.7197 ]
 [1173.2023   848.9815 ]
 [1150.5461   938.84705]
 [1061.6509   915.21204]]szesciokat [[627.88934 394.17432]
 [663.199   338.043  ]
 [727.2207  338.94583]
 [758.46826 393.96332]
 [725.4717  448.0114 ]
 [659.77905 449.13852]]osmiokat [[1082.7544   481.2719 ]
 [1125.3192   455.01083]
 [1172.0823   463.94928]
 [1198.7067   503.63162]
 [1187.8406   554.7421 ]
 [1147.8182   578.60333]
 [1100.0073   570.3393 ]
 [1075.4196   524.7472 ]]dwunastokat [[287.06293 736.90027]
 [301.137   706.8042 ]
 [328.95392 687.08563]
 [357.40402 685.4585 ]
 [389.23526 697.61237]
 [410.27847 724.6614 ]
 [413.60275 757.15564]
 [404.77    784.79364]
 [370.36273 809.6726 ]
 [340.3573  812.2633 ]
 [309.25665 799.4492 ]
 [289.5598  771.46436]]