czworokat [[1085.6304   828.00354]
 [1174.8993   849.08527]
 [1151.0901   938.29004]
 [1061.678    914.622  ]]dwunastokat [[867.59296 697.125  ]
 [870.2038  663.5953 ]
 [888.70856 637.2889 ]
 [919.20435 622.5925 ]
 [953.4045  625.6169 ]
 [980.92285 644.1066 ]
 [995.25604 674.2344 ]
 [993.38354 706.9809 ]
 [974.1818  733.75494]
 [945.1564  750.75397]
 [910.8866  748.4327 ]
 [883.0226  730.6939 ]]osmiokat [[ 614.09045 1045.6991 ]
 [ 613.47644  994.1445 ]
 [ 647.9993   961.3513 ]
 [ 696.603    958.97876]
 [ 731.4697   994.9536 ]
 [ 735.3045  1045.7045 ]
 [ 699.7907  1082.2351 ]
 [ 648.6364  1083.0962 ]]szesciokat [[628.5125  393.18607]
 [660.98505 339.20483]
 [725.3916  338.8942 ]
 [757.1629  392.40283]
 [725.9408  449.52316]
 [660.58826 448.94077]]