osmiokat [[ 360.9535   935.26294]
 [ 389.07803  892.6179 ]
 [ 436.68588  883.9255 ]
 [ 481.1292   909.5863 ]
 [ 488.7057   958.165  ]
 [ 461.61694 1000.44653]
 [ 412.0731  1010.57074]
 [ 372.42276  985.1369 ]]szesciokat [[682.9663  674.7829 ]
 [740.2652  643.9464 ]
 [796.0013  677.34534]
 [795.0128  742.2106 ]
 [736.835   772.66864]
 [681.79175 739.69147]]czworokat [[1320.4893   458.02945]
 [1407.412    484.42877]
 [1382.5442   573.0451 ]
 [1294.9338   545.8247 ]]dwunastokat [[851.0819  326.19064]
 [871.10785 300.1947 ]
 [902.14264 286.4285 ]
 [933.94824 289.8751 ]
 [962.3152  307.8394 ]
 [975.4757  339.8805 ]
 [970.4863  376.81882]
 [950.48804 402.67322]
 [920.7083  414.0724 ]
 [890.5387  409.9368 ]
 [863.3461  391.66608]
 [847.38257 359.7087 ]]