dwunastokat [[ 258.58557  951.0652 ]
 [ 278.49078  922.75885]
 [ 307.7413   908.00824]
 [ 340.9918   908.26556]
 [ 369.88278  928.03723]
 [ 383.27527  953.818  ]
 [ 383.49707  989.5568 ]
 [ 370.38638 1018.61206]
 [ 341.23682 1035.106  ]
 [ 302.85333 1034.646  ]
 [ 276.10727 1019.4626 ]
 [ 259.87735  988.86096]]szesciokat [[378.99692 397.86993]
 [424.149   352.66168]
 [487.07944 367.26306]
 [503.59436 431.73264]
 [461.93475 477.2892 ]
 [394.7351  461.16724]]czworokat [[1320.0717   458.74216]
 [1407.7272   484.12146]
 [1382.2568   571.33325]
 [1294.1208   546.463  ]]osmiokat [[1069.3868   823.8922 ]
 [1104.1243   791.7585 ]
 [1152.0316   793.4827 ]
 [1188.5782   829.82776]
 [1185.5187   880.24347]
 [1149.8136   912.9227 ]
 [1098.694    911.35657]
 [1066.1748   875.23914]]