osmiokat [[634.6047  820.1181 ]
 [673.2706  790.67017]
 [723.417   796.82153]
 [754.256   830.9147 ]
 [752.6361  878.88837]
 [711.8482  913.51044]
 [661.9838  907.8989 ]
 [629.7098  869.1102 ]]szesciokat [[227.11964 587.2543 ]
 [269.11017 537.9663 ]
 [335.0388  552.54144]
 [353.1157  609.17426]
 [314.66678 659.75806]
 [248.28165 647.407  ]]czworokat [[826.1961  430.59015]
 [883.58215 361.99683]
 [954.08124 420.09482]
 [895.6819  488.90762]]dwunastokat [[1164.5825  1000.30505]
 [1184.2354   971.9065 ]
 [1214.0408   957.2072 ]
 [1248.8193   961.1199 ]
 [1274.1322   978.11224]
 [1288.6158  1009.3609 ]
 [1286.4863  1044.3047 ]
 [1267.8448  1071.374  ]
 [1239.7236  1083.8391 ]
 [1204.0989  1083.7333 ]
 [1177.309   1065.4097 ]
 [1163.5189  1041.0156 ]]