osmiokat [[1289.2828   523.298  ]
 [1311.7355   480.70193]
 [1360.129    465.76025]
 [1403.9319   489.94348]
 [1418.7059   535.7993 ]
 [1394.7457   581.38464]
 [1346.9199   594.77686]
 [1304.6405   572.684  ]]szesciokat [[227.9709  587.05133]
 [271.79578 536.7931 ]
 [332.19067 550.0852 ]
 [354.47842 609.17505]
 [313.34912 660.1176 ]
 [248.84425 647.5598 ]]czworokat [[883.78253 361.59253]
 [953.5895  420.7596 ]
 [895.1818  489.90997]
 [823.8909  431.69238]]dwunastokat [[752.9627  774.4697 ]
 [763.28613 740.7681 ]
 [789.33075 719.9449 ]
 [819.6194  713.48865]
 [850.86285 722.1803 ]
 [873.7754  747.4376 ]
 [881.3401  779.1678 ]
 [874.1313  814.39307]
 [849.22833 836.0019 ]
 [815.1833  842.5737 ]
 [784.5688  833.9262 ]
 [761.1771  810.5035 ]]