dwunastokat [[1102.6871   483.32703]
 [1127.8951   457.38727]
 [1159.9005   447.16974]
 [1192.4214   454.97617]
 [1217.6213   479.36603]
 [1227.5645   512.2907 ]
 [1218.6086   545.0446 ]
 [1194.1582   569.2352 ]
 [1160.6572   577.49835]
 [1129.0508   567.8459 ]
 [1108.4288   549.0854 ]
 [1097.8826   515.6467 ]]szesciokat [[ 417.3237  1022.05927]
 [ 440.8647   962.7601 ]
 [ 506.7091   951.9114 ]
 [ 544.47723 1000.77844]
 [ 521.59015 1063.998  ]
 [ 457.52332 1072.1223 ]]czworokat [[1134.8416   814.51526]
 [1222.6539   825.11725]
 [1209.8049   915.6248 ]
 [1120.5385   904.1405 ]]osmiokat [[527.43335 437.4582 ]
 [570.0057  407.9024 ]
 [621.2272  415.79092]
 [647.8706  458.75974]
 [640.2596  505.15686]
 [598.2052  533.20233]
 [548.49536 526.6909 ]
 [519.5064  486.85925]]