dwunastokat [[743.5008  362.38605]
 [760.00977 336.11182]
 [790.77484 318.78857]
 [826.4256  320.74683]
 [854.7254  338.5709 ]
 [869.9359  366.63242]
 [867.87506 403.8718 ]
 [851.3626  427.92618]
 [819.0001  444.11398]
 [789.0543  445.45416]
 [759.6967  429.10278]
 [742.97144 399.99664]]czworokat [[1365.711    740.7017 ]
 [1455.8877   757.42664]
 [1440.2312   845.9752 ]
 [1349.4968   830.05176]]czworokat [[1147.431    708.59454]
 [1236.4974   694.78735]
 [1252.4749   784.1147 ]
 [1162.6576   800.6504 ]]szesciokat [[ 899.08923  840.4997 ]
 [ 934.662    784.29675]
 [ 997.6111   784.7796 ]
 [1029.7977   840.7088 ]
 [ 997.5301   896.80927]
 [ 929.7247   897.3788 ]]osmiokat [[ 895.8305   563.776  ]
 [ 922.1601   521.62103]
 [ 969.5834   511.76138]
 [1012.81024  537.04846]
 [1021.97327  585.8905 ]
 [ 997.67487  629.0778 ]
 [ 946.0063   640.2953 ]
 [ 905.7057   615.3927 ]]szesciokat [[631.6045  817.5165 ]
 [663.9341  763.4696 ]
 [727.0106  761.773  ]
 [760.4529  816.15424]
 [727.95917 873.4674 ]
 [663.6499  874.2271 ]]szesciokat [[400.3285  937.723  ]
 [416.90067 877.81836]
 [479.21722 860.75867]
 [525.1238  907.5789 ]
 [508.75272 968.6335 ]
 [443.47275 985.2543 ]]osmiokat [[196.09645 841.3834 ]
 [236.31496 812.3517 ]
 [285.38803 821.823  ]
 [310.67862 861.7826 ]
 [305.5862  911.2326 ]
 [263.75693 939.2366 ]
 [213.8077  929.47675]
 [185.6778  888.9331 ]]dwunastokat [[ 874.29266 1055.1123 ]
 [ 901.5631  1037.9231 ]
 [ 934.6063  1036.0881 ]
 [ 961.2597  1043.9878 ]
 [ 979.6862  1066.1112 ]
 [ 986.0654  1105.8795 ]
 [ 972.2392  1135.733  ]
 [ 945.5165  1155.7891 ]
 [ 910.0903  1159.1195 ]
 [ 881.2925  1145.6505 ]
 [ 860.25543 1119.4954 ]
 [ 857.65643 1084.4985 ]]osmiokat [[524.117   438.89297]
 [566.7154  408.20065]
 [616.44354 415.35413]
 [644.51666 457.02942]
 [638.74005 505.45346]
 [599.23004 535.72205]
 [547.9901  528.4344 ]
 [518.27386 486.8524 ]]szesciokat [[258.40567 545.855  ]
 [305.70554 503.04294]
 [365.5529  526.3032 ]
 [375.802   584.90564]
 [329.80948 628.0001 ]
 [269.74243 605.46545]]dwunastokat [[1135.5605   416.71677]
 [1148.0833   386.7183 ]
 [1179.4824   366.5297 ]
 [1211.666    365.3529 ]
 [1240.3566   377.49756]
 [1259.95     407.68668]
 [1263.5952   439.78763]
 [1251.333    467.93463]
 [1222.8674   485.5245 ]
 [1189.871    490.75436]
 [1159.601    478.56775]
 [1139.6729   453.6221 ]]dwunastokat [[1501.2495   411.43762]
 [1521.6737   386.64844]
 [1552.456    377.533  ]
 [1583.1705   381.43442]
 [1612.6388   405.27914]
 [1623.157    436.73434]
 [1614.1267   470.44846]
 [1595.0232   492.6327 ]
 [1558.8766   504.80997]
 [1527.5206   498.2708 ]
 [1503.947    476.14682]
 [1493.8038   445.70227]]osmiokat [[1677.7157   622.9719 ]
 [1722.1208   599.4422 ]
 [1768.9711   614.6307 ]
 [1791.0789   659.19934]
 [1774.6212   705.4838 ]
 [1728.8064   727.0971 ]
 [1681.6217   711.16406]
 [1661.8066   666.354  ]]dwunastokat [[1519.1731   926.61426]
 [1530.6875   902.14404]
 [1555.4061   882.58856]
 [1589.8585   879.4715 ]
 [1626.9877   896.7227 ]
 [1644.4583   922.8841 ]
 [1645.8192   957.5814 ]
 [1629.3203   986.1292 ]
 [1600.0177  1006.83014]
 [1567.7476  1007.6525 ]
 [1530.6965   985.7437 ]
 [1519.351    957.4951 ]]