dwunastokat [[768.73206 730.95764]
 [797.70374 722.0987 ]
 [832.9022  725.51447]
 [856.76416 744.0476 ]
 [869.30005 776.16016]
 [864.9094  811.1777 ]
 [844.06836 836.51495]
 [811.60016 848.615  ]
 [778.19135 842.69574]
 [753.9658  819.9819 ]
 [742.7071  789.9872 ]
 [748.81726 753.68414]]dwunastokat [[ 616.49255  890.1173 ]
 [ 646.06104  880.3012 ]
 [ 680.49536  889.46686]
 [ 703.0421   910.3633 ]
 [ 713.638    944.95074]
 [ 704.664    978.8811 ]
 [ 683.126   1002.77856]
 [ 648.31494 1010.9428 ]
 [ 614.7981  1003.6979 ]
 [ 591.25183  978.6779 ]
 [ 582.111    946.5564 ]
 [ 592.1101   910.29175]]dwunastokat [[1252.6611 1050.6208]
 [1278.494  1040.4961]
 [1315.185  1046.9662]
 [1339.8112 1068.9224]
 [1351.0076 1101.3047]
 [1343.4218 1133.4314]
 [1319.6509 1158.2408]
 [1288.1838 1169.9257]
 [1254.0734 1162.5797]
 [1230.4298 1141.2296]
 [1219.8214 1107.633 ]
 [1227.4792 1073.682 ]]osmiokat [[ 806.7314  1055.6289 ]
 [ 837.4855  1015.025  ]
 [ 883.09796 1009.36456]
 [ 924.5998  1033.5115 ]
 [ 933.33765 1083.9166 ]
 [ 904.06915 1127.0837 ]
 [ 855.0026  1134.2041 ]
 [ 814.73865 1103.7332 ]]czworokat [[453.78992 418.58627]
 [545.03796 424.45486]
 [538.21674 513.8933 ]
 [447.00253 508.89597]]czworokat [[380.64813 726.357  ]
 [437.34186 655.71265]
 [506.00363 711.95166]
 [450.1682  781.51227]]czworokat [[ 344.22873  983.9444 ]
 [ 429.6804   951.2705 ]
 [ 459.2347  1038.6626 ]
 [ 373.99762 1068.3109 ]]czworokat [[1033.828    939.36224]
 [1123.2607   954.35205]
 [1108.6819  1043.8754 ]
 [1017.3148  1028.6746 ]]czworokat [[1370.3022   652.8508 ]
 [1455.205    681.49316]
 [1427.84     769.1478 ]
 [1340.7523   738.2334 ]]szesciokat [[133.88516 457.52713]
 [189.93465 424.4974 ]
 [242.77954 453.43005]
 [242.78644 517.8163 ]
 [188.58945 552.25   ]
 [134.65053 518.53625]]szesciokat [[ -2.646311 931.75757 ]
 [ 29.956608 877.8827  ]
 [ 92.83332  878.4941  ]
 [123.18585  933.5748  ]
 [ 94.74563  989.0752  ]
 [ 27.319027 989.4194  ]]szesciokat [[  61.25269  1082.3854  ]
 [  97.174286 1030.9059  ]
 [ 160.20717  1035.8992  ]
 [ 187.34167  1088.456   ]
 [ 153.16574  1146.0428  ]
 [  86.80214  1141.6504  ]]szesciokat [[ 910.9419   581.7788 ]
 [ 975.0828   570.9348 ]
 [1017.56433  620.20953]
 [ 995.9011   679.3605 ]
 [ 927.6662   691.07465]
 [ 886.55853  641.8289 ]]szesciokat [[1123.3997   755.40643]
 [1167.9856   711.04   ]
 [1230.9124   726.314  ]
 [1246.444    787.0386 ]
 [1200.2926   836.10596]
 [1137.3844   816.9545 ]]osmiokat [[680.1843  591.8989 ]
 [704.28394 549.34686]
 [752.4232  535.84644]
 [794.1502  558.51324]
 [809.555   607.3246 ]
 [785.5919  651.1199 ]
 [737.4832  664.3192 ]
 [693.3995  640.359  ]]dwunastokat [[ 887.62854  405.09933]
 [ 912.9902   381.81213]
 [ 945.6179   375.44647]
 [ 978.24133  385.42883]
 [ 998.5958   407.25632]
 [1007.197    441.74918]
 [ 997.1138   475.82034]
 [ 972.21735  496.23706]
 [ 940.12195  503.49973]
 [ 911.19434  496.70895]
 [ 886.78687  472.70697]
 [ 878.1708   436.41452]]dwunastokat [[1660.5634   285.3911 ]
 [1694.8359   283.88098]
 [1724.7808   300.6031 ]
 [1743.1158   330.12738]
 [1742.9193   360.81897]
 [1727.3207   391.22836]
 [1696.7905   407.68073]
 [1661.2721   409.32196]
 [1635.4437   396.0359 ]
 [1620.041    368.59714]
 [1617.3676   335.08963]
 [1627.2126   306.75043]]dwunastokat [[1562.8169  1006.0032 ]
 [1596.1086  1005.7215 ]
 [1624.9347  1019.00525]
 [1642.5305  1049.0933 ]
 [1643.3143  1086.4856 ]
 [1624.6212  1115.9696 ]
 [1592.9788  1131.8813 ]
 [1560.743   1131.5836 ]
 [1531.4539  1111.9976 ]
 [1516.9385  1085.179  ]
 [1515.6687  1048.8181 ]
 [1534.6747  1017.66675]]osmiokat [[1382.9896   446.91498]
 [1429.3561   428.0606 ]
 [1475.1862   445.1085 ]
 [1494.3381   492.5278 ]
 [1473.5706   538.7269 ]
 [1428.4792   554.9759 ]
 [1384.7465   538.6256 ]
 [1363.4973   488.37357]]osmiokat [[1234.8413   250.84467]
 [1270.9369   220.71666]
 [1321.8518   224.93564]
 [1353.2845   263.0366 ]
 [1348.0065   313.29404]
 [1313.423    340.38873]
 [1259.9296   336.58563]
 [1231.4181   303.68417]]osmiokat [[1047.1879   409.48444]
 [1079.5406   371.0083 ]
 [1129.943    366.3613 ]
 [1168.1848   398.53363]
 [1172.2645   447.2095 ]
 [1139.7742   484.99997]
 [1089.4764   489.51196]
 [1053.028    461.83395]]