czworokat [[ 410.07794  946.43195]
 [ 468.04395  878.9027 ]
 [ 539.1263   937.3471 ]
 [ 479.54456 1006.2937 ]]czworokat [[1034.3339   939.6196 ]
 [1123.9077   954.05066]
 [1109.0261  1044.7773 ]
 [1018.8165  1029.4033 ]]czworokat [[1372.0668   653.5432 ]
 [1457.738    682.04224]
 [1428.3602   770.0287 ]
 [1342.0498   739.18396]]szesciokat [[642.30634 339.88538]
 [705.8085  330.09286]
 [747.5139  379.1629 ]
 [725.783   439.82602]
 [662.2211  451.57004]
 [618.1305  401.99414]]szesciokat [[485.2699  511.87494]
 [528.3977  463.4372 ]
 [593.46124 477.45224]
 [608.9992  538.16437]
 [566.9294  587.30347]
 [503.70407 573.59827]]szesciokat [[136.44695 456.00247]
 [193.30911 422.39066]
 [243.74489 454.26108]
 [243.09567 517.9617 ]
 [192.755   551.6521 ]
 [136.9827  520.48895]]szesciokat [[197.25197 861.48566]
 [226.74353 803.02527]
 [293.32443 799.59674]
 [326.99527 853.44794]
 [298.18558 912.3677 ]
 [232.60533 915.56085]]szesciokat [[535.863   711.203  ]
 [595.88153 689.6078 ]
 [644.81335 730.8147 ]
 [636.2745  794.1448 ]
 [574.51917 818.81464]
 [525.3233  777.02295]]szesciokat [[ 988.2876   709.1798 ]
 [1051.4668   695.755  ]
 [1095.4164   746.21606]
 [1073.2163   807.07697]
 [1007.9747   818.5603 ]
 [ 966.3584   769.5609 ]]osmiokat [[ 594.61707 1066.8392 ]
 [ 610.27203 1017.9997 ]
 [ 652.77405  997.76917]
 [ 697.4676  1010.1152 ]
 [ 722.7031  1056.0756 ]
 [ 705.7859  1105.7891 ]
 [ 662.88513 1127.4175 ]
 [ 615.2592  1111.1492 ]]osmiokat [[567.2623    52.38847 ]
 [612.4362    34.893887]
 [658.3833    51.879463]
 [677.52014   95.65386 ]
 [661.5225   142.5249  ]
 [613.9765   162.65009 ]
 [567.2538   146.26341 ]
 [548.29016   99.52989 ]]czworokat [[803.5942  481.58038]
 [862.37195 413.63712]
 [933.2149  472.96277]
 [870.3689  541.5985 ]]czworokat [[329.60333 445.78003]
 [414.42972 417.7935 ]
 [443.26813 504.5147 ]
 [355.5271  532.7691 ]]osmiokat [[1060.304      64.384346]
 [1107.1328     45.674026]
 [1154.7191     62.548843]
 [1172.2743    106.49711 ]
 [1155.0939    154.2241  ]
 [1106.5112    174.27655 ]
 [1063.3925    159.06206 ]
 [1042.6982    113.41758 ]]osmiokat [[1052.5743   355.89395]
 [1100.88     342.28955]
 [1143.7623   365.68262]
 [1158.3575   413.5612 ]
 [1134.5662   456.55475]
 [1086.6107   470.00516]
 [1042.8262   447.1    ]
 [1029.3224   399.34323]]osmiokat [[1142.5309   477.1827 ]
 [1181.074    448.34488]
 [1231.1063   453.95493]
 [1260.0077   492.1824 ]
 [1254.7014   544.10925]
 [1214.6      573.7331 ]
 [1165.1415   566.08826]
 [1136.9081   527.13776]]dwunastokat [[773.71967 670.6551 ]
 [798.6356  650.7428 ]
 [829.85077 643.9469 ]
 [861.48206 655.23364]
 [884.065   680.9835 ]
 [889.0317  712.643  ]
 [879.08215 747.0537 ]
 [853.3262  768.3367 ]
 [818.4123  773.4194 ]
 [788.04816 762.11127]
 [767.7286  735.4067 ]
 [760.9811  700.986  ]]dwunastokat [[ 757.8466   914.7658 ]
 [ 788.247    905.06964]
 [ 820.0748   910.31244]
 [ 848.0441   932.4356 ]
 [ 858.2548   963.4824 ]
 [ 851.7259   998.91693]
 [ 828.42267 1023.7444 ]
 [ 797.94196 1033.9835 ]
 [ 764.446   1027.1456 ]
 [ 739.78467 1006.0575 ]
 [ 727.0426   973.34357]
 [ 735.64154  939.0877 ]]dwunastokat [[1251.4884 1050.0225]
 [1280.4197 1039.553 ]
 [1317.9261 1047.2109]
 [1340.5878 1068.739 ]
 [1350.5769 1099.5309]
 [1344.1558 1133.6556]
 [1322.7863 1158.9332]
 [1288.9564 1171.2858]
 [1254.107  1162.7378]
 [1230.8124 1140.6494]
 [1220.9458 1105.1061]
 [1227.4108 1071.1362]]dwunastokat [[1538.3705 1021.0327]
 [1566.1223 1005.9123]
 [1597.897  1005.7461]
 [1627.688  1022.4323]
 [1642.3767 1047.8868]
 [1643.6256 1086.9849]
 [1623.5951 1118.0482]
 [1594.1785 1132.9589]
 [1564.0516 1132.2463]
 [1537.66   1117.0256]
 [1517.7787 1086.2124]
 [1517.8021 1050.8248]]dwunastokat [[1661.187    286.63138]
 [1695.4768   284.39117]
 [1723.4636   298.38968]
 [1742.1738   327.94946]
 [1744.4814   361.30573]
 [1728.8391   390.93643]
 [1699.5054   409.3263 ]
 [1663.9606   412.13504]
 [1639.3251   399.99808]
 [1619.9021   369.88354]
 [1614.9335   328.60236]
 [1634.489    302.42938]]dwunastokat [[905.07404   52.13743 ]
 [940.31      50.94758 ]
 [968.97375   66.64172 ]
 [986.8721    93.406265]
 [986.38165  125.242615]
 [972.545    151.88739 ]
 [940.88     174.55542 ]
 [912.331    174.19633 ]
 [881.48615  159.76216 ]
 [862.7508   130.8291  ]
 [862.66504   96.67867 ]
 [879.435     67.14744 ]]