czworokat [[804.4659  481.07013]
 [864.1265  413.6292 ]
 [933.6253  473.01282]
 [870.19946 543.03955]]czworokat [[249.28476 333.9046 ]
 [322.42435 281.86508]
 [374.9087  355.8419 ]
 [297.44995 407.15445]]czworokat [[317.60498 500.64008]
 [390.49725 446.93515]
 [445.0987  519.48175]
 [372.01318 573.7192 ]]czworokat [[645.17084 775.04926]
 [735.02    785.129  ]
 [724.1327  875.08044]
 [633.6089  864.68243]]czworokat [[ 994.1859   992.0085 ]
 [1063.832    933.1095 ]
 [1123.0961  1004.81116]
 [1050.9473  1062.9054 ]]czworokat [[1372.9983   652.654  ]
 [1456.9075   681.8253 ]
 [1428.5388   770.11176]
 [1341.899    739.84186]]szesciokat [[485.12878 510.44714]
 [529.36005 463.0891 ]
 [591.39343 477.52258]
 [610.42633 539.7781 ]
 [568.35876 587.8084 ]
 [503.9392  572.902  ]]szesciokat [[641.38916 342.0439 ]
 [705.42487 328.75854]
 [748.1154  378.44772]
 [726.917   441.16992]
 [661.3142  452.473  ]
 [619.822   402.3505 ]]szesciokat [[136.50203 456.1476 ]
 [190.63152 423.75244]
 [244.39561 452.35693]
 [244.92046 515.7389 ]
 [192.65053 552.1651 ]
 [137.37178 519.24414]]szesciokat [[269.2974  765.6912 ]
 [332.85327 760.19574]
 [367.9631  811.0646 ]
 [342.41693 871.0456 ]
 [278.93082 876.05743]
 [241.22658 824.2704 ]]szesciokat [[ 794.3887  1027.831  ]
 [ 856.4604  1003.2158 ]
 [ 904.6957  1046.1718 ]
 [ 894.75934 1109.6671 ]
 [ 832.8983  1133.7511 ]
 [ 782.2135  1091.3381 ]]szesciokat [[ 991.90485  779.8409 ]
 [1045.5934   742.47375]
 [1102.5247   770.3951 ]
 [1108.1621   833.67487]
 [1054.5925   873.38947]
 [ 994.5599   844.0097 ]]osmiokat [[548.7396   100.96399 ]
 [566.18414   53.402588]
 [612.8567    34.752827]
 [658.46326   51.72252 ]
 [676.38617   95.01137 ]
 [660.03723  143.15134 ]
 [615.5949   162.51707 ]
 [568.5971   146.49368 ]]osmiokat [[411.9717  229.22285]
 [439.46664 187.57732]
 [487.17773 176.72601]
 [528.7576  202.75034]
 [536.4879  249.03923]
 [508.6304  289.96487]
 [465.36877 303.2574 ]
 [423.18796 277.99503]]osmiokat [[454.69696 860.71686]
 [501.51413 839.1379 ]
 [546.2872  850.2484 ]
 [569.7787  892.55286]
 [558.4621  939.9756 ]
 [511.2476  967.26276]
 [463.63284 951.6268 ]
 [440.78522 909.4322 ]]osmiokat [[1221.0482   444.748  ]
 [1269.5444   438.7127 ]
 [1309.5033   467.4286 ]
 [1316.6272   518.0236 ]
 [1285.9877   557.2815 ]
 [1240.5197   564.56805]
 [1200.7446   534.0203 ]
 [1190.2148   488.55725]]osmiokat [[ 978.4031   253.43207]
 [1030.3889   251.28185]
 [1065.9731   284.91943]
 [1066.8273   335.11038]
 [1030.6608   370.71445]
 [ 983.7498   371.6113 ]
 [ 949.02734  340.8252 ]
 [ 946.0949   289.2305 ]]dwunastokat [[877.11914   69.03328 ]
 [904.65643   50.874172]
 [939.14075   50.04435 ]
 [967.82794   65.40621 ]
 [984.9441    92.57774 ]
 [986.3334   127.11685 ]
 [970.96564  158.05037 ]
 [941.5989   174.08913 ]
 [910.7736   174.11375 ]
 [883.3489   160.07558 ]
 [864.2438   131.92485 ]
 [862.24945   97.00165 ]]osmiokat [[1060.2938     65.54099 ]
 [1107.5305     46.724243]
 [1152.8934     60.889633]
 [1172.6687    107.64272 ]
 [1152.7894    154.56444 ]
 [1106.8961    173.42366 ]
 [1063.3931    158.9791  ]
 [1042.312     113.347374]]dwunastokat [[771.8659  654.78284]
 [803.5733  657.016  ]
 [835.175   674.2146 ]
 [849.2248  701.751  ]
 [850.5547  732.0761 ]
 [832.4229  765.63934]
 [801.58795 782.02985]
 [768.47156 780.7541 ]
 [741.7085  762.6328 ]
 [725.4451  732.2925 ]
 [725.9681  696.4822 ]
 [743.2779  670.18567]]dwunastokat [[856.9231  633.05994]
 [870.9256  600.09174]
 [898.4732  582.48737]
 [933.24    580.23   ]
 [961.24347 593.3294 ]
 [980.7159  620.90186]
 [982.48895 654.7617 ]
 [968.9558  686.8389 ]
 [941.3964  703.5554 ]
 [905.2504  706.7117 ]
 [877.7003  692.2457 ]
 [858.2787  663.3279 ]]dwunastokat [[ 489.764   1111.0618 ]
 [ 517.80255 1089.0217 ]
 [ 550.48663 1083.8058 ]
 [ 579.81067 1094.3313 ]
 [ 604.99567 1121.4332 ]
 [ 609.8753  1155.1218 ]
 [ 597.055   1187.3308 ]
 [ 571.4911  1209.0974 ]
 [ 536.00995 1212.8455 ]
 [ 504.57178 1202.2885 ]
 [ 484.3088  1176.936  ]
 [ 479.84494 1142.2946 ]]dwunastokat [[1491.6453   949.4071 ]
 [1505.0786   920.4622 ]
 [1531.9595   904.57996]
 [1566.002    903.1646 ]
 [1597.2328   918.4709 ]
 [1616.6393   945.3215 ]
 [1616.1371   981.71625]
 [1600.2452  1012.77826]
 [1571.1721  1028.779  ]
 [1539.1385  1030.8344 ]
 [1508.7999  1013.35004]
 [1491.4758   983.6942 ]]dwunastokat [[1483.2919 1059.1876]
 [1508.5555 1044.987 ]
 [1540.1656 1043.6857]
 [1571.2307 1058.0969]
 [1589.2896 1087.6995]
 [1588.7751 1124.549 ]
 [1573.0778 1153.5225]
 [1543.2979 1169.376 ]
 [1507.0402 1169.8611]
 [1481.4144 1153.4343]
 [1463.3674 1131.5928]
 [1465.4299 1090.9104]]