czworokat [[857.9881  553.3806 ]
 [947.382   564.68774]
 [936.7187  654.9951 ]
 [846.07556 644.3334 ]]czworokat [[511.52817 898.4436 ]
 [566.28876 828.2999 ]
 [637.5104  881.863  ]
 [582.34406 956.67755]]czworokat [[1406.5728   340.75208]
 [1491.2438   372.41153]
 [1459.1473   457.28763]
 [1374.5593   423.2182 ]]szesciokat [[756.6056  892.4649 ]
 [810.4145  855.7858 ]
 [868.00006 882.6222 ]
 [872.9835  950.18726]
 [818.80817 985.597  ]
 [759.3817  957.9565 ]]osmiokat [[716.6269  224.00699]
 [759.0967  201.4653 ]
 [806.46246 214.9353 ]
 [829.4463  257.475  ]
 [816.6371  304.1361 ]
 [774.077   328.191  ]
 [724.61816 315.48224]
 [701.4326  272.11917]]osmiokat [[1191.8854   178.92644]
 [1240.34     166.48085]
 [1282.9701   190.18906]
 [1296.1865   235.13564]
 [1271.5724   281.66547]
 [1222.5182   291.61996]
 [1179.8354   272.15018]
 [1165.9749   223.33167]]osmiokat [[474.845   562.37823]
 [520.2781  539.6941 ]
 [568.8203  558.201  ]
 [587.1252  598.5934 ]
 [572.9942  646.89575]
 [528.7316  668.7532 ]
 [481.36813 654.30676]
 [459.68854 607.71716]]osmiokat [[170.2175  803.5938 ]
 [194.70308 760.47516]
 [243.23668 747.30457]
 [284.601   770.459  ]
 [297.4167  816.93085]
 [275.718   860.0039 ]
 [227.63914 875.1234 ]
 [184.14288 851.7251 ]]osmiokat [[1398.2659   883.24927]
 [1443.5698   860.70245]
 [1491.7234   877.76373]
 [1512.9723   923.0394 ]
 [1496.5333   969.20337]
 [1449.0139   992.65674]
 [1401.6477   974.28253]
 [1382.2499   928.41156]]dwunastokat [[1058.7871   816.90625]
 [1084.4761   796.5051 ]
 [1115.5621   788.29047]
 [1143.7495   796.77985]
 [1170.5732   819.7541 ]
 [1180.027    855.3116 ]
 [1168.7891   887.303  ]
 [1144.9303   911.65955]
 [1110.3044   917.50574]
 [1077.4667   906.6043 ]
 [1056.8071   883.50885]
 [1049.8208   848.4148 ]]dwunastokat [[1307.7137   603.2642 ]
 [1332.9258   579.3051 ]
 [1365.6228   572.0156 ]
 [1398.052    583.7723 ]
 [1417.6423   605.51306]
 [1423.9535   642.19257]
 [1414.2144   673.11487]
 [1390.7708   694.03394]
 [1356.4406   701.89197]
 [1324.9073   689.5781 ]
 [1305.0693   665.187  ]
 [1298.0474   634.0381 ]]