czworokat [[523.23615 304.21814]
 [590.09845 243.89468]
 [651.33374 311.68405]
 [583.4957  372.98923]]czworokat [[588.993   618.5742 ]
 [677.37744 635.5549 ]
 [658.81366 726.3083 ]
 [569.9675  707.9765 ]]czworokat [[1405.9484   340.5557 ]
 [1491.5293   373.14786]
 [1459.7642   457.70084]
 [1373.2345   422.68085]]czworokat [[1187.4196   479.77383]
 [1267.7826   520.80457]
 [1226.9102   602.76105]
 [1146.4027   560.8522 ]]szesciokat [[1032.5612   751.58356]
 [1077.5543   708.5694 ]
 [1138.5829   722.901  ]
 [1156.2814   783.2928 ]
 [1111.504    831.5088 ]
 [1047.5851   816.0281 ]]osmiokat [[ 900.56824  427.8586 ]
 [ 945.40894  409.32764]
 [ 993.28326  424.77222]
 [1013.2476   468.64835]
 [ 996.57086  512.4215 ]
 [ 951.4092   535.0805 ]
 [ 904.3241   520.4083 ]
 [ 882.84247  472.8754 ]]osmiokat [[290.54224 400.1289 ]
 [313.73325 357.2524 ]
 [361.42484 344.04922]
 [406.78925 371.42355]
 [415.7589  414.4101 ]
 [395.895   456.4296 ]
 [347.4694  471.96976]
 [303.98825 449.19907]]osmiokat [[291.86703 818.5765 ]
 [332.38028 790.58466]
 [379.42804 797.6432 ]
 [409.04938 835.23834]
 [402.43887 887.71924]
 [365.73148 915.30664]
 [314.281   907.6079 ]
 [284.72943 869.0903 ]]dwunastokat [[ 636.5703   982.23975]
 [ 658.1934   960.8043 ]
 [ 690.15063  949.9403 ]
 [ 718.73083  953.8941 ]
 [ 745.88574  976.8102 ]
 [ 756.4938  1006.01685]
 [ 752.45276 1040.9032 ]
 [ 729.6494  1067.0458 ]
 [ 697.2862  1077.6962 ]
 [ 663.79175 1071.2024 ]
 [ 638.08014 1050.0631 ]
 [ 627.22327 1016.53217]]dwunastokat [[1021.7463   962.79626]
 [1045.076    942.10156]
 [1078.2963   933.3405 ]
 [1109.7875   943.4813 ]
 [1131.9458   967.7243 ]
 [1138.9615  1001.2722 ]
 [1129.3602  1031.8638 ]
 [1105.68    1056.9457 ]
 [1070.9575  1063.3671 ]
 [1038.1014  1053.4509 ]
 [1015.77673 1028.7285 ]
 [1010.8202   996.46765]]dwunastokat [[1502.6066   609.4891 ]
 [1539.8416   597.0032 ]
 [1571.9648   603.03516]
 [1597.4653   624.5605 ]
 [1607.9384   657.0715 ]
 [1601.9943   689.2458 ]
 [1580.9645   715.21704]
 [1551.907    724.6757 ]
 [1515.2161   718.3595 ]
 [1489.5615   697.40216]
 [1479.1807   664.43665]
 [1483.7439   632.81384]]osmiokat [[1397.6344   882.8513 ]
 [1441.0302   860.6694 ]
 [1489.1729   876.00946]
 [1512.5641   920.2025 ]
 [1495.5096   969.3401 ]
 [1450.6727   991.9103 ]
 [1402.9932   974.6982 ]
 [1380.6201   927.42084]]