czworokat [[440.126   469.62473]
 [510.6503  410.82156]
 [567.7361  479.5206 ]
 [497.26132 538.76764]]czworokat [[303.8595  660.74927]
 [383.34628 698.0936 ]
 [345.40213 779.98987]
 [263.54736 740.1769 ]]czworokat [[1432.5017   304.2481 ]
 [1510.5645   348.87637]
 [1468.7166   428.0181 ]
 [1387.1215   382.1174 ]]szesciokat [[1055.0156   271.43274]
 [1117.2429   256.35397]
 [1162.3337   302.14056]
 [1145.031    363.9196 ]
 [1080.6588   377.6301 ]
 [1036.8643   332.8441 ]]osmiokat [[831.1968  529.9111 ]
 [869.4743  497.89578]
 [917.79846 499.8358 ]
 [951.70856 537.7828 ]
 [950.40106 586.9997 ]
 [914.4049  621.49225]
 [861.70514 617.7896 ]
 [828.7159  581.06964]]osmiokat [[1398.9705   882.1313 ]
 [1444.6237   860.2343 ]
 [1491.093    877.2918 ]
 [1512.6823   920.29736]
 [1494.989    970.9158 ]
 [1450.0571   992.18896]
 [1403.3342   974.47675]
 [1381.3402   928.88116]]dwunastokat [[542.3237  711.63184]
 [567.33466 692.5506 ]
 [600.77106 687.42035]
 [631.5621  700.0057 ]
 [652.67566 724.3869 ]
 [656.7786  758.3211 ]
 [644.96924 790.532  ]
 [618.0342  811.2899 ]
 [582.8678  815.2365 ]
 [552.7601  804.8667 ]
 [532.5824  779.3243 ]
 [527.7217  742.06055]]dwunastokat [[1123.6759   566.99884]
 [1153.4517   557.20856]
 [1189.3162   564.10645]
 [1213.8657   585.4895 ]
 [1223.7251   617.66754]
 [1215.4358   651.08075]
 [1192.9158   676.8504 ]
 [1159.5055   686.31946]
 [1129.4136   678.65356]
 [1104.7247   656.5982 ]
 [1094.5638   627.04456]
 [1099.6423   593.1086 ]]dwunastokat [[1507.5795   607.95703]
 [1540.6912   598.02435]
 [1571.196    602.57513]
 [1598.1733   624.93   ]
 [1609.5232   655.07306]
 [1603.574    689.82745]
 [1580.7588   714.826  ]
 [1546.6892   726.199  ]
 [1514.6759   721.7394 ]
 [1489.8264   699.70874]
 [1477.4535   664.69653]
 [1484.5042   633.701  ]]dwunastokat [[ 656.1124   961.36646]
 [ 689.9813   950.8104 ]
 [ 718.24634  955.0831 ]
 [ 745.1071   975.11536]
 [ 756.9684  1006.2398 ]
 [ 751.9676  1042.1139 ]
 [ 728.5293  1067.2413 ]
 [ 696.77454 1077.9084 ]
 [ 663.8882  1071.7196 ]
 [ 639.812   1050.56   ]
 [ 628.3293  1019.00354]
 [ 635.12634  982.799  ]]dwunastokat [[1036.0364  1063.8087 ]
 [1064.933   1053.959  ]
 [1097.4822  1058.4521 ]
 [1123.5547  1078.8542 ]
 [1135.1276  1112.6045 ]
 [1130.3912  1145.2329 ]
 [1109.1924  1171.2892 ]
 [1076.2809  1183.8638 ]
 [1042.8898  1177.5981 ]
 [1017.81335 1157.075  ]
 [1006.1428  1126.8124 ]
 [1012.3334  1091.6184 ]]