czworokat [[ 975.43945  778.2058 ]
 [1064.3358   765.2241 ]
 [1079.4055   854.6699 ]
 [ 987.9372   867.7957 ]]czworokat [[439.91245 468.81036]
 [510.3927  410.7888 ]
 [567.47363 480.11508]
 [497.0016  538.0997 ]]czworokat [[ 399.47214  911.4696 ]
 [ 489.37698  902.62885]
 [ 497.48358  991.34155]
 [ 407.4868  1000.9106 ]]szesciokat [[1063.0405   303.08252]
 [1126.7994   288.46982]
 [1170.6964   334.18118]
 [1152.6764   397.6193 ]
 [1087.633    409.77628]
 [1044.577    365.83826]]osmiokat [[1443.8407   311.07123]
 [1489.4775   290.13797]
 [1537.0372   308.32626]
 [1554.7389   354.35703]
 [1535.9929   401.56235]
 [1491.8585   417.17953]
 [1448.0365   402.2727 ]
 [1426.516    357.42465]]osmiokat [[809.6717  500.78915]
 [858.04224 486.07727]
 [901.69104 509.65216]
 [916.69965 555.1962 ]
 [894.2059  600.69446]
 [842.69556 614.7888 ]
 [798.7501  591.22363]
 [785.16064 543.5144 ]]osmiokat [[1208.0809   639.4767 ]
 [1258.568    630.3705 ]
 [1296.8224   657.29456]
 [1304.4104   708.6314 ]
 [1275.2739   748.148  ]
 [1225.7001   756.0626 ]
 [1188.6122   727.44653]
 [1180.4644   677.5656 ]]osmiokat [[1397.2433   883.23553]
 [1444.184    860.3208 ]
 [1491.1763   877.2004 ]
 [1512.9775   923.3494 ]
 [1497.485    968.59906]
 [1450.68     992.2938 ]
 [1403.3379   974.6834 ]
 [1381.8269   929.37164]]dwunastokat [[528.35425 744.5854 ]
 [540.0688  712.2061 ]
 [567.3951  692.8125 ]
 [600.96454 687.34937]
 [631.18805 699.57416]
 [651.4493  724.7532 ]
 [656.40314 758.51416]
 [644.51636 791.7562 ]
 [617.2917  811.2846 ]
 [583.69794 817.55084]
 [552.6996  804.7455 ]
 [530.0724  778.855  ]]dwunastokat [[ 636.08026  983.27155]
 [ 662.1692   962.11914]
 [ 689.3458   950.33514]
 [ 718.8857   954.91504]
 [ 746.05554  975.5905 ]
 [ 757.91345 1007.3538 ]
 [ 751.652   1042.2708 ]
 [ 729.49963 1065.4529 ]
 [ 696.5078  1078.0874 ]
 [ 663.5796  1071.9302 ]
 [ 639.51416 1049.7981 ]
 [ 628.02905 1017.5536 ]]dwunastokat [[1064.716   1054.8052 ]
 [1097.5844  1059.6223 ]
 [1123.6725  1081.3256 ]
 [1134.8745  1110.1527 ]
 [1130.496   1145.4435 ]
 [1109.3004  1171.8152 ]
 [1076.0657  1182.7059 ]
 [1042.6283  1178.1105 ]
 [1017.30536 1157.281  ]
 [1006.85724 1127.3376 ]
 [1010.8442  1092.1293 ]
 [1033.2701  1064.3086 ]]dwunastokat [[1506.0022   609.141  ]
 [1538.2754   599.5092 ]
 [1571.0237   603.9681 ]
 [1596.1892   623.5653 ]
 [1609.0206   656.0781 ]
 [1600.7262   691.1396 ]
 [1581.3707   715.1784 ]
 [1550.3112   726.52985]
 [1518.9602   722.1954 ]
 [1492.2809   698.6598 ]
 [1480.5726   664.7259 ]
 [1483.8068   632.4675 ]]