czworokat [[440.0101  467.99826]
 [510.13657 410.9186 ]
 [568.17413 479.30072]
 [497.39545 538.85913]]czworokat [[492.52545 732.8559 ]
 [568.70703 778.89886]
 [522.20306 855.64386]
 [444.1258  809.6398 ]]czworokat [[665.66583 838.1809 ]
 [746.3264  797.24896]
 [787.0613  878.2146 ]
 [704.5168  919.75183]]szesciokat [[1063.2385   303.79428]
 [1125.0719   288.82092]
 [1169.4124   333.33716]
 [1153.2869   397.221  ]
 [1091.9739   410.8475 ]
 [1044.383    366.5574 ]]szesciokat [[ 899.3992   790.4229 ]
 [ 958.0904   767.4321 ]
 [1011.30707  806.0507 ]
 [1004.25946  866.82825]
 [ 943.17896  895.3024 ]
 [ 891.5089   855.59314]]osmiokat [[1209.0977   639.9805 ]
 [1259.2749   632.4259 ]
 [1295.9313   658.2816 ]
 [1303.8274   706.9511 ]
 [1275.8894   748.2527 ]
 [1225.9077   756.7402 ]
 [1189.415    727.73175]
 [1180.0881   676.9718 ]]osmiokat [[1228.7728   911.94415]
 [1278.9529   915.4223 ]
 [1309.8572   954.1016 ]
 [1305.7158  1002.1709 ]
 [1267.6904  1034.3297 ]
 [1216.708   1030.9404 ]
 [1185.1261   993.119  ]
 [1188.0554   941.65326]]osmiokat [[811.6354  499.97986]
 [857.00244 487.72086]
 [900.7205  509.60184]
 [914.63965 556.34644]
 [893.5559  600.7344 ]
 [843.86633 615.0389 ]
 [800.1831  590.91394]
 [785.7925  543.435  ]]dwunastokat [[1486.0946   631.6752 ]
 [1504.3726   610.5798 ]
 [1537.9033   599.4074 ]
 [1571.5898   603.9982 ]
 [1595.3528   622.4984 ]
 [1608.6942   654.1884 ]
 [1603.1195   688.9733 ]
 [1582.7395   715.094  ]
 [1551.8844   726.08936]
 [1510.6775   720.8255 ]
 [1492.2698   702.6694 ]
 [1478.1992   667.3474 ]]