czworokat [[440.20767 466.67883]
 [508.9302  411.8325 ]
 [569.2425  480.45755]
 [495.40543 537.9424 ]]czworokat [[388.97885 820.9715 ]
 [442.35468 746.6044 ]
 [516.4317  797.7978 ]
 [465.55786 874.6294 ]]czworokat [[ 614.5681  987.0904]
 [ 703.6755  958.6574]
 [ 731.339  1046.2517]
 [ 643.4842 1074.1615]]czworokat [[1044.8345   585.7843 ]
 [1130.6451   611.90094]
 [1104.5264   699.34595]
 [1018.1973   673.7535 ]]szesciokat [[729.17896 677.41095]
 [783.63855 646.8263 ]
 [840.5594  677.30475]
 [840.1281  742.1668 ]
 [783.83057 775.15045]
 [728.6602  742.38214]]szesciokat [[1294.948    476.02408]
 [1354.1255   451.58563]
 [1405.4839   491.7634 ]
 [1395.7218   556.0012 ]
 [1336.3824   579.37067]
 [1288.0745   540.33356]]osmiokat [[1071.7102   299.0801 ]
 [1116.6136   278.6106 ]
 [1161.685    295.2134 ]
 [1184.5767   340.70728]
 [1166.3674   387.95596]
 [1119.8829   408.53635]
 [1074.72     391.32397]
 [1053.1227   343.48624]]dwunastokat [[774.70496 313.9274 ]
 [800.0275  290.29428]
 [831.8546  281.97186]
 [863.7079  291.64136]
 [885.69574 312.72943]
 [893.2749  340.99185]
 [884.62134 380.18488]
 [863.8801  401.03467]
 [829.915   408.94897]
 [797.7756  402.41638]
 [775.37494 379.92804]
 [766.12415 343.3137 ]]dwunastokat [[1087.7333   868.6515 ]
 [1123.5713   874.2855 ]
 [1147.229    891.9709 ]
 [1159.9089   923.0644 ]
 [1155.0865   956.99176]
 [1133.3726   983.7842 ]
 [1102.2555   996.0644 ]
 [1067.5874   991.31384]
 [1043.007    970.5755 ]
 [1032.0753   937.8448 ]
 [1036.9996   907.8575 ]
 [1057.1027   879.9401 ]]