czworokat [[691.95245 671.75793]
 [765.41614 620.0033 ]
 [817.43365 694.5532 ]
 [742.18195 744.53625]]czworokat [[1044.6036   586.27484]
 [1129.4446   611.3994 ]
 [1104.8986   699.126  ]
 [1018.5382   673.8439 ]]czworokat [[1261.413    758.88416]
 [1350.607    771.9621 ]
 [1337.2036   861.2047 ]
 [1247.0464   850.03894]]czworokat [[ 903.69806  899.7037 ]
 [ 994.4524   890.2964 ]
 [1005.8503   979.903  ]
 [ 915.0842   990.44867]]czworokat [[ 613.0309  980.1738]
 [ 701.3495  957.8061]
 [ 723.5611 1046.8928]
 [ 634.1883 1067.9176]]szesciokat [[410.02094 796.5675 ]
 [457.22482 753.16907]
 [513.7051  769.65393]
 [530.2826  833.1605 ]
 [484.94205 878.33344]
 [423.0957  858.2072 ]]szesciokat [[1290.3833   429.59622]
 [1354.0159   435.18158]
 [1383.6498   493.08035]
 [1346.72     545.89056]
 [1282.0516   541.53235]
 [1252.6361   482.00974]]osmiokat [[1061.1104   290.60956]
 [1101.9242   261.48856]
 [1150.5596   271.0296 ]
 [1179.8748   310.17316]
 [1170.8334   360.03867]
 [1131.5416   387.96243]
 [1081.8464   380.29462]
 [1053.2736   339.13416]]dwunastokat [[774.42456 314.34296]
 [799.58466 290.47586]
 [830.5257  282.2736 ]
 [864.2903  290.93967]
 [886.4512  314.26425]
 [894.66284 344.21408]
 [885.25275 379.40796]
 [862.307   402.16153]
 [831.8063  411.27026]
 [799.68085 404.5598 ]
 [774.0397  378.19452]
 [765.36926 343.55353]]dwunastokat [[473.6465  463.957  ]
 [499.35822 442.8215 ]
 [532.20795 437.66626]
 [562.16583 448.68005]
 [583.4454  474.15094]
 [588.0678  505.49442]
 [577.3223  539.89923]
 [550.1607  560.689  ]
 [517.7148  566.9431 ]
 [486.72726 555.4636 ]
 [467.8687  530.02765]
 [461.23337 497.26373]]