czworokat [[832.98193 584.9824 ]
 [920.85315 613.5444 ]
 [891.1045  702.0256 ]
 [803.79517 670.65027]]czworokat [[494.86646 748.7413 ]
 [586.08734 747.3406 ]
 [587.4427  837.67993]
 [497.07306 839.13916]]czworokat [[ 515.2205  1072.1152 ]
 [ 600.5702  1037.3927 ]
 [ 633.61163 1121.2999 ]
 [ 548.8603  1155.0002 ]]czworokat [[ 686.836   1021.906  ]
 [ 754.46094  962.68695]
 [ 812.7244  1029.9811 ]
 [ 744.0027  1091.0835 ]]czworokat [[1061.3228   692.3124 ]
 [1127.8394   632.0256 ]
 [1190.117    696.3835 ]
 [1123.711    760.19885]]szesciokat [[183.69481 557.6735 ]
 [244.12138 529.4434 ]
 [295.68097 566.5799 ]
 [291.4411  629.9512 ]
 [229.5861  659.25806]
 [178.58794 621.87537]]szesciokat [[1493.2491   639.1945 ]
 [1547.5074   602.71027]
 [1605.0422   629.68335]
 [1609.6893   693.8285 ]
 [1556.3293   730.98596]
 [1499.4523   706.39087]]szesciokat [[1262.3075   887.40466]
 [1300.094    835.7459 ]
 [1365.744    846.93335]
 [1388.3757   907.3088 ]
 [1348.9794   957.2962 ]
 [1279.1443   945.68915]]osmiokat [[1089.208    337.20135]
 [1122.6385   301.66782]
 [1174.2472   301.22345]
 [1208.1018   331.2971 ]
 [1210.2717   385.97305]
 [1176.3627   418.19498]
 [1125.2751   421.52283]
 [1090.1034   387.4848 ]]osmiokat [[882.9787  806.6514 ]
 [930.4396  794.342  ]
 [972.9172  819.96796]
 [985.23883 865.6537 ]
 [959.5296  910.69824]
 [910.0218  922.125  ]
 [869.0582  896.3487 ]
 [857.46246 847.1573 ]]dwunastokat [[775.5236  312.21274]
 [799.1177  289.71967]
 [829.42523 281.57654]
 [862.5774  289.91785]
 [886.8534  314.36624]
 [894.1918  345.70255]
 [885.56384 379.5193 ]
 [862.7773  401.37592]
 [830.5494  410.0083 ]
 [798.26294 404.1322 ]
 [774.5179  379.52045]
 [765.42194 344.03036]]dwunastokat [[396.31348 496.66946]
 [426.2838  479.3825 ]
 [460.09232 480.21924]
 [489.0302  497.58057]
 [504.34372 526.21   ]
 [506.0641  557.9    ]
 [489.33655 585.7359 ]
 [464.77127 603.4615 ]
 [425.1409  605.0259 ]
 [395.42355 587.8233 ]
 [378.9755  559.1038 ]
 [378.52515 526.276  ]]