czworokat [[827.8688  780.3004 ]
 [911.45715 747.8006 ]
 [945.7488  833.00104]
 [859.5148  865.64435]]czworokat [[1147.8618   922.31647]
 [1233.3257   952.10406]
 [1202.8625  1038.85   ]
 [1115.745   1007.98346]]dwunastokat [[735.35516 597.22784]
 [738.80255 566.1236 ]
 [758.93756 538.8127 ]
 [790.08307 525.33795]
 [823.0929  528.52167]
 [848.5383  547.06165]
 [862.03827 575.6196 ]
 [857.97345 611.05963]
 [840.40234 638.03265]
 [810.5597  651.528  ]
 [774.09705 649.3543 ]
 [748.28174 629.57916]]