czworokat [[1130.4      934.18   ]
 [1213.1866   971.56116]
 [1174.898   1052.532  ]
 [1090.9803  1014.817  ]]szesciokat [[600.8434  642.43665]
 [666.07684 643.51044]
 [698.28595 699.36774]
 [665.41925 754.3266 ]
 [598.59106 754.6264 ]
 [566.2141  698.20935]]osmiokat [[1257.6075   715.73834]
 [1305.7502   707.06055]
 [1346.3289   737.4463 ]
 [1353.4984   784.9284 ]
 [1322.7699   827.70544]
 [1272.8302   834.2488 ]
 [1238.2761   810.0967 ]
 [1228.3232   756.7433 ]]dwunastokat [[1020.84204  443.3605 ]
 [1044.5149   418.4039 ]
 [1076.4438   410.65958]
 [1107.0806   418.7521 ]
 [1131.9907   442.04623]
 [1140.7456   470.7579 ]
 [1134.2974   505.15482]
 [1107.0381   530.7208 ]
 [1077.9938   537.6874 ]
 [1044.6143   531.7574 ]
 [1022.6144   508.53363]
 [1010.75214  473.5921 ]]