czworokat [[1106.5667   376.03076]
 [1198.4154   382.0996 ]
 [1191.1559   472.81342]
 [1099.5212   467.4919 ]]czworokat [[ 891.9658   887.99286]
 [ 972.2128   927.43365]
 [ 931.4023  1009.6969 ]
 [ 849.4444   968.8766 ]]szesciokat [[1342.2766   661.69214]
 [1406.4736   649.073  ]
 [1449.6239   698.69946]
 [1427.2839   760.207  ]
 [1363.8772   770.7348 ]
 [1322.9371   719.1865 ]]dwunastokat [[599.17163 809.72455]
 [610.15295 779.22034]
 [634.54224 757.905  ]
 [668.20264 751.45575]
 [699.5364  761.4449 ]
 [721.27655 784.72614]
 [728.41766 816.3204 ]
 [719.08435 848.36237]
 [692.9622  873.03424]
 [660.4839  879.85657]
 [627.4344  869.9511 ]
 [605.2845  843.39484]]