czworokat [[1109.7115   379.2017 ]
 [1200.1099   385.46368]
 [1194.5553   475.64072]
 [1102.1008   470.70187]]czworokat [[627.4659  678.9869 ]
 [717.57214 690.52795]
 [705.16003 781.7264 ]
 [614.17957 768.09174]]szesciokat [[1261.024   1030.2952 ]
 [1300.2437   979.62354]
 [1364.4026   991.4799 ]
 [1385.5392  1052.309  ]
 [1345.3195  1102.9169 ]
 [1278.6981  1090.3507 ]]czworokat [[ 381.2373  1020.9131 ]
 [ 433.26807  946.37225]
 [ 508.81738  995.4969 ]
 [ 457.08295 1071.142  ]]osmiokat [[803.74536 425.8298 ]
 [840.67267 393.64603]
 [889.4285  397.94458]
 [921.80756 433.8949 ]
 [919.5701  482.66446]
 [883.7845  516.55725]
 [831.8121  513.54517]
 [799.32007 475.75085]]dwunastokat [[1390.6501   685.036  ]
 [1412.4426   659.84235]
 [1446.7292   651.49115]
 [1478.3705   661.1744 ]
 [1500.6842   680.81116]
 [1511.577    713.9132 ]
 [1503.4602   748.8126 ]
 [1479.4945   773.6581 ]
 [1443.5186   781.789  ]
 [1413.9073   772.709  ]
 [1392.937    751.09436]
 [1382.5432   716.25446]]