czworokat [[296.0439  850.96533]
 [386.06705 856.9107 ]
 [376.57196 948.21936]
 [288.0364  941.4135 ]]szesciokat [[653.7387  436.90134]
 [716.24426 420.76648]
 [758.7158  466.42514]
 [742.5096  528.03015]
 [679.7205  544.6576 ]
 [635.3     499.1608 ]]szesciokat [[ 969.0188   654.9057 ]
 [1020.26904  616.5081 ]
 [1080.2905   639.1581 ]
 [1090.2625   705.18524]
 [1040.4143   743.5968 ]
 [ 978.49524  721.22626]]osmiokat [[1287.0652   511.15674]
 [1303.9601   465.3376 ]
 [1351.8832   447.13306]
 [1398.1461   468.5258 ]
 [1415.5573   513.58   ]
 [1395.3596   558.75085]
 [1347.6986   576.0055 ]
 [1305.0665   555.93427]]dwunastokat [[1144.8873   953.7234 ]
 [1158.0485   925.33356]
 [1184.6731   905.26025]
 [1214.1404   900.1608 ]
 [1246.9875   911.2246 ]
 [1268.5691   938.48676]
 [1272.1022   970.60504]
 [1260.924   1001.8363 ]
 [1232.5996  1023.18243]
 [1199.4825  1028.5737 ]
 [1168.9368  1015.77966]
 [1148.3441   990.76855]]