czworokat [[1336.5571   621.06274]
 [1421.7517   588.6289 ]
 [1454.5416   672.4037 ]
 [1367.5234   703.7765 ]]szesciokat [[1029.2823   342.5613 ]
 [1042.0573   280.5619 ]
 [1102.3259   259.37585]
 [1151.6138   302.81744]
 [1139.3069   365.29675]
 [1079.1085   385.81747]]szesciokat [[ 968.2593   657.1062 ]
 [1018.88635  617.3683 ]
 [1080.0697   639.53864]
 [1090.6108   703.3898 ]
 [1040.3159   744.5204 ]
 [ 977.7934   720.41364]]osmiokat [[654.867   473.26138]
 [690.1191  439.29153]
 [738.3218  438.73544]
 [775.0966  470.68744]
 [775.59985 521.95966]
 [741.2639  555.5047 ]
 [690.8555  557.7026 ]
 [656.5202  522.90717]]dwunastokat [[1142.8287   950.84033]
 [1162.7925   921.4986 ]
 [1191.6143   907.91486]
 [1224.8162   910.0847 ]
 [1253.6925   927.94904]
 [1268.4628   958.69666]
 [1266.1362   992.1071 ]
 [1248.914   1020.7492 ]
 [1216.1696  1036.6194 ]
 [1179.1415  1032.4092 ]
 [1157.7407  1015.39667]
 [1139.9579   985.4892 ]]