szesciokat [[ 968.8896   656.9364 ]
 [1019.7678   615.50745]
 [1080.8936   638.95825]
 [1089.7372   704.2308 ]
 [1039.8833   744.1278 ]
 [ 977.5926   719.87213]]czworokat [[ 759.2626   997.15826]
 [ 848.7446   979.3529 ]
 [ 865.7324  1067.385  ]
 [ 776.6606  1085.977  ]]szesciokat [[1042.2144   281.43875]
 [1102.2009   259.80698]
 [1152.2682   302.3424 ]
 [1138.499    364.89655]
 [1080.3934   382.63727]
 [1029.6497   343.94876]]osmiokat [[655.3295  474.85464]
 [689.4691  438.59293]
 [738.3884  437.68835]
 [774.07025 469.95163]
 [774.9258  520.9362 ]
 [740.1878  555.18274]
 [690.1382  557.0193 ]
 [657.0315  524.8383 ]]dwunastokat [[1142.317    950.4266 ]
 [1162.086    922.10443]
 [1189.746    908.5905 ]
 [1226.29     909.2632 ]
 [1253.7662   929.81274]
 [1268.3658   959.9072 ]
 [1265.9138   993.1036 ]
 [1247.287   1021.3042 ]
 [1215.282   1035.4491 ]
 [1180.5624  1032.4058 ]
 [1156.0366  1015.2956 ]
 [1141.727    990.63074]]