czworokat [[848.56586 698.78674]
 [936.4161  681.8285 ]
 [954.36707 770.814  ]
 [866.43414 788.73004]]szesciokat [[1315.1775   890.1561 ]
 [1346.825    832.95874]
 [1410.9823   833.25006]
 [1443.6436   889.17505]
 [1411.7808   945.2197 ]
 [1346.7119   946.13916]]osmiokat [[629.2783  409.68332]
 [651.24567 365.04852]
 [699.468   350.4329 ]
 [743.3432  371.2935 ]
 [758.3492  417.91357]
 [736.35736 461.7336 ]
 [686.80096 477.05212]
 [644.8346  455.71002]]dwunastokat [[1248.3011   412.98193]
 [1247.737    383.82248]
 [1265.4634   351.46664]
 [1292.5347   334.05847]
 [1325.9878   333.1542 ]
 [1355.3077   349.33585]
 [1373.4196   379.88773]
 [1374.0724   414.77634]
 [1359.1956   440.16028]
 [1330.3945   457.95828]
 [1294.5815   457.92493]
 [1268.409    442.75137]]