czworokat [[197.4096  817.8731 ]
 [254.49245 746.6263 ]
 [326.4001  801.5417 ]
 [268.38028 873.7195 ]]szesciokat [[ 969.0189   655.1057 ]
 [1019.0666   616.708  ]
 [1080.2504   639.33844]
 [1089.8386   704.6324 ]
 [1040.6758   743.76807]
 [ 978.42303  719.1513 ]]szesciokat [[1042.2593   280.54044]
 [1102.6661   259.9467 ]
 [1150.7059   300.89673]
 [1139.083    365.41992]
 [1076.8479   386.39362]
 [1028.0709   343.43774]]osmiokat [[670.29376 468.9355 ]
 [708.4514  438.2743 ]
 [759.2445  444.5545 ]
 [787.97205 481.35986]
 [781.735   531.3888 ]
 [743.71326 561.1991 ]
 [694.2729  556.2229 ]
 [663.8183  517.03766]]dwunastokat [[1080.69     955.8988 ]
 [1096.3623   927.19025]
 [1127.0569   911.43695]
 [1158.8816   911.3794 ]
 [1188.7148   928.27856]
 [1205.6385   955.47107]
 [1206.6609   986.98773]
 [1190.3231  1017.7963 ]
 [1160.447   1034.9148 ]
 [1126.2434  1035.8473 ]
 [1096.704   1019.39484]
 [1080.3469   990.58405]]