czworokat [[197.62079 818.0771 ]
 [254.70601 746.42   ]
 [324.82684 801.04474]
 [268.36697 874.7493 ]]szesciokat [[ 969.2194   656.00616]
 [1019.41736  617.12823]
 [1080.1893   638.1563 ]
 [1089.7366   703.92975]
 [1040.6771   744.37054]
 [ 977.71265  719.76196]]szesciokat [[1040.7402   281.4871 ]
 [1104.0696   260.70367]
 [1151.0569   301.43454]
 [1140.3186   365.49283]
 [1076.3422   386.80014]
 [1028.6775   342.76636]]osmiokat [[356.31396 575.9183 ]
 [388.71808 539.3242 ]
 [440.82672 537.7085 ]
 [475.67093 566.668  ]
 [478.61816 618.3272 ]
 [448.8224  655.17474]
 [395.62668 658.1165 ]
 [359.30093 626.0567 ]]osmiokat [[210.77634 315.06924]
 [236.39253 272.2238 ]
 [284.39804 261.0682 ]
 [325.05612 287.49677]
 [336.0285  328.75342]
 [311.23114 373.58185]
 [262.25156 384.21655]
 [221.56422 361.98083]]dwunastokat [[1081.5299   988.8178 ]
 [1080.3197   958.01245]
 [1098.8779   928.01306]
 [1126.3643   911.0039 ]
 [1159.4436   910.5587 ]
 [1187.3694   926.2223 ]
 [1205.0048   953.6194 ]
 [1206.6594   989.4044 ]
 [1190.3206  1017.59   ]
 [1161.0624  1036.0581 ]
 [1127.1685  1035.6914 ]
 [1097.323   1020.533  ]]