czworokat [[197.63205 816.944  ]
 [254.5522  747.1997 ]
 [325.34802 801.5515 ]
 [268.5894  873.9228 ]]szesciokat [[381.3941  674.6041 ]
 [427.1867  629.98285]
 [491.06613 646.7122 ]
 [506.33844 705.5814 ]
 [461.1742  755.05145]
 [396.16818 736.6638 ]]szesciokat [[1042.0425   279.48004]
 [1102.7633   260.4887 ]
 [1151.7607   301.11203]
 [1138.1924   365.30417]
 [1076.6482   385.99023]
 [1029.7439   343.01578]]osmiokat [[731.9969  313.61667]
 [766.66425 278.0305 ]
 [815.68066 276.6617 ]
 [850.8449  309.63467]
 [851.573   360.8599 ]
 [818.5784  394.67612]
 [770.67975 397.05966]
 [732.91833 362.64502]]osmiokat [[ 850.70135 1046.7053 ]
 [ 875.1228  1002.5162 ]
 [ 921.43695  989.76544]
 [ 964.3825  1013.0059 ]
 [ 977.4472  1060.033  ]
 [ 956.2441  1104.372  ]
 [ 908.5527  1118.0007 ]
 [ 864.3147  1093.7885 ]]dwunastokat [[1159.9049 1021.152 ]
 [1173.3689  994.179 ]
 [1199.7253  975.4687]
 [1230.8099  971.6538]
 [1260.3069  986.5555]
 [1280.672  1009.4456]
 [1286.971  1042.343 ]
 [1272.659  1076.5798]
 [1245.5317 1096.1228]
 [1211.6584 1100.1616]
 [1180.9093 1087.3331]
 [1161.3109 1060.0708]]