czworokat [[299.79416 579.4399 ]
 [365.54242 518.4965 ]
 [428.85977 581.5521 ]
 [361.54788 644.3161 ]]czworokat [[795.4209  826.0299 ]
 [858.6413  763.0079 ]
 [923.85754 821.23627]
 [860.73816 887.8719 ]]czworokat [[1113.8138   911.2169 ]
 [1199.1873   944.646  ]
 [1166.5525  1028.7074 ]
 [1079.1722   996.24146]]czworokat [[1223.0366   526.1066 ]
 [1311.372    521.65515]
 [1317.2594   610.93536]
 [1228.9984   617.2469 ]]osmiokat [[728.0073  314.20172]
 [762.02094 278.71826]
 [812.1749  277.43384]
 [845.61084 308.60583]
 [846.47943 360.1216 ]
 [814.8122  394.6463 ]
 [763.3651  397.5164 ]
 [728.3204  365.39532]]