czworokat [[1052.2739   337.2922 ]
 [1138.3011   364.18808]
 [1112.1708   448.91934]
 [1025.1116   421.3801 ]]czworokat [[1223.6792   532.55945]
 [1311.3287   522.1405 ]
 [1322.0991   611.4405 ]
 [1233.4727   622.8025 ]]czworokat [[796.44    824.6245 ]
 [857.7109  761.64294]
 [923.3054  819.53265]
 [862.6066  888.376  ]]czworokat [[1112.2819   910.7987 ]
 [1198.6549   942.59344]
 [1166.0065  1028.278  ]
 [1078.9556   997.10236]]czworokat [[1375.6644   992.18915]
 [1463.5913  1015.618  ]
 [1439.987   1103.4183 ]
 [1351.84    1080.3259 ]]osmiokat [[778.65375 396.01865]
 [802.35474 353.4931 ]
 [849.2285  338.7524 ]
 [893.10754 362.0547 ]
 [907.46796 408.00928]
 [884.45184 451.1719 ]
 [837.75433 465.4647 ]
 [792.4152  444.2055 ]]