szesciokat [[1462.1056   346.979  ]
 [1482.5177   291.1233 ]
 [1547.5295   278.56558]
 [1588.4636   325.44507]
 [1567.7622   386.17517]
 [1506.3123   397.42093]]czworokat [[833.85956 335.27924]
 [922.32465 358.2673 ]
 [898.5807  445.49225]
 [809.8919  422.6633 ]]czworokat [[1248.6072   532.47614]
 [1336.8545   526.19366]
 [1344.7954   615.2835 ]
 [1254.9049   622.5324 ]]czworokat [[796.428   825.32074]
 [857.7516  760.8496 ]
 [922.9553  821.4375 ]
 [861.3806  888.3677 ]]osmiokat [[284.24048 484.2761 ]
 [318.08545 445.2397 ]
 [365.1003  442.66217]
 [403.51395 472.51688]
 [406.57135 522.2777 ]
 [378.07767 562.6884 ]
 [324.8106  565.9667 ]
 [287.71198 532.0274 ]]czworokat [[1407.1365 1076.2496]
 [1489.529  1113.4415]
 [1453.3347 1197.0565]
 [1369.1179 1159.5698]]