czworokat [[822.5594  563.3677 ]
 [906.00415 599.09595]
 [869.00806 684.74023]
 [784.49066 647.4165 ]]czworokat [[1041.0044   706.14386]
 [1127.5673   732.4765 ]
 [1101.3271   817.6749 ]
 [1014.7839   790.854  ]]czworokat [[850.67255 873.7046 ]
 [930.4409  913.0161 ]
 [888.7608  994.8605 ]
 [809.1905  953.0022 ]]szesciokat [[600.4463  346.35864]
 [642.1669  297.51572]
 [704.9956  309.56375]
 [726.93463 368.61804]
 [688.5368  415.65616]
 [621.704   406.68683]]osmiokat [[284.64154 484.14615]
 [316.51526 446.35034]
 [366.28653 441.81564]
 [402.71198 471.2489 ]
 [407.75333 523.30927]
 [376.88773 559.88995]
 [324.81024 565.85455]
 [287.33707 531.1364 ]]