czworokat [[785.514   646.70526]
 [823.26117 564.66895]
 [906.67426 601.2156 ]
 [870.2886  685.28046]]czworokat [[1042.2081   705.8451 ]
 [1127.8074   731.85394]
 [1100.9222   819.49066]
 [1014.3674   792.9869 ]]czworokat [[ 974.47546 1042.8821 ]
 [1054.4343  1081.8885 ]
 [1015.10297 1163.6558 ]
 [ 932.8072  1122.8033 ]]osmiokat [[284.07556 483.5071 ]
 [316.72717 446.4547 ]
 [365.34448 441.90887]
 [404.5367  474.0611 ]
 [407.97983 520.7511 ]
 [378.30762 562.6891 ]
 [326.25092 565.5533 ]
 [286.77512 530.8678 ]]dwunastokat [[798.8235  226.19157]
 [814.1504  195.60419]
 [841.09735 178.89159]
 [873.45874 175.67108]
 [901.77893 186.9588 ]
 [924.70197 214.96815]
 [928.3086  251.37242]
 [912.3159  280.47775]
 [887.3405  297.48782]
 [850.5418  300.18555]
 [824.5967  290.00098]
 [801.7146  260.84103]]