czworokat [[823.2404  563.3681 ]
 [906.1343  600.25574]
 [870.29865 684.9101 ]
 [784.59106 647.31635]]czworokat [[1041.8755   704.92224]
 [1128.195    733.03156]
 [1101.6766   816.9091 ]
 [1014.4556   792.12134]]czworokat [[ 973.8431 1041.2401]
 [1054.4106 1082.8115]
 [1013.8481 1163.3444]
 [ 931.9541 1122.3956]]szesciokat [[1297.569    668.8829 ]
 [1343.5591   623.1692 ]
 [1405.8328   640.34796]
 [1420.957    702.5282 ]
 [1376.1425   748.89307]
 [1311.9618   731.3223 ]]szesciokat [[724.6755  891.63043]
 [788.7396  884.4936 ]
 [826.5864  931.9305 ]
 [801.2782  992.40125]
 [736.1564  998.7491 ]
 [699.7291  946.9225 ]]osmiokat [[284.96066 485.67368]
 [317.2604  447.07388]
 [364.79355 442.3632 ]
 [404.0765  475.21765]
 [407.19653 522.34174]
 [375.77383 561.3399 ]
 [324.89136 564.89685]
 [287.46008 532.394  ]]osmiokat [[504.5921  274.61166]
 [543.0817  245.66312]
 [593.0332  252.35368]
 [619.7666  287.76163]
 [615.18713 337.86398]
 [576.3477  368.1573 ]
 [527.1329  364.12918]
 [497.12186 324.91595]]dwunastokat [[800.4308  224.1455 ]
 [816.0699  194.99437]
 [842.309   178.17253]
 [874.2688  176.18925]
 [906.4996  192.18964]
 [925.6984  219.27336]
 [925.67896 250.47366]
 [913.0003  281.84396]
 [887.98474 297.92606]
 [852.9679  300.54718]
 [824.35815 287.9621 ]
 [804.1942  260.10568]]