czworokat [[822.66    564.0682 ]
 [905.5343  599.1659 ]
 [870.4289  684.48956]
 [785.3632  647.28595]]czworokat [[1041.3043   705.54285]
 [1128.2439   732.5692 ]
 [1101.3257   819.4623 ]
 [1014.3246   791.89966]]czworokat [[1330.9095   689.97473]
 [1403.2789   743.74524]
 [1349.514    816.53656]
 [1276.7303   761.6189 ]]czworokat [[1210.8308   298.13388]
 [1301.2003   300.63782]
 [1298.3442   390.29565]
 [1207.307    387.21332]]szesciokat [[ 646.50305 1055.2417 ]
 [ 701.69257 1026.8604 ]
 [ 756.7292  1059.5985 ]
 [ 755.6672  1121.8927 ]
 [ 699.29254 1153.553  ]
 [ 644.9294  1119.3429 ]]osmiokat [[284.42496 483.5303 ]
 [317.83423 446.47562]
 [364.65274 442.97452]
 [402.70453 472.98914]
 [404.83676 521.19244]
 [379.0071  562.45746]
 [326.0414  565.85834]
 [286.9973  534.90546]]osmiokat [[544.3645  246.10376]
 [591.6799  251.43219]
 [621.584   291.7595 ]
 [613.046   337.8441 ]
 [576.4232  368.57486]
 [527.7886  364.87982]
 [498.02887 324.78418]
 [504.58417 274.06662]]osmiokat [[1504.462    516.9386 ]
 [1528.4023   472.47858]
 [1574.6517   460.02283]
 [1618.6764   484.31033]
 [1630.9885   529.7189 ]
 [1607.1588   574.9025 ]
 [1558.2828   586.746  ]
 [1515.7048   562.5981 ]]dwunastokat [[ 874.3623   296.7599 ]
 [ 886.9104   269.25165]
 [ 914.1002   248.10335]
 [ 945.95416  245.31369]
 [ 977.4809   258.7535 ]
 [ 996.8614   282.89554]
 [1001.38446  317.0825 ]
 [ 989.2819   346.5469 ]
 [ 960.4404   368.205  ]
 [ 926.67566  372.0848 ]
 [ 896.14624  357.58615]
 [ 877.31036  328.8319 ]]