czworokat [[592.09955 504.92603]
 [681.1149  511.11734]
 [676.8259  599.49097]
 [585.4627  595.04047]]szesciokat [[825.2789  616.9888 ]
 [885.31573 595.04425]
 [935.90436 633.39343]
 [925.9878  699.8047 ]
 [865.68945 722.96265]
 [815.3304  681.67566]]osmiokat [[ 484.8291  1016.81366]
 [ 517.41785  979.8208 ]
 [ 562.60175  976.81793]
 [ 603.2897  1008.81866]
 [ 605.9821  1057.4346 ]
 [ 574.50684 1096.1357 ]
 [ 524.96936 1098.4628 ]
 [ 487.06995 1066.1857 ]]dwunastokat [[1295.6652   725.4104 ]
 [1316.3093   698.2094 ]
 [1348.236    686.84216]
 [1380.3918   692.6008 ]
 [1406.042    710.23615]
 [1421.2036   743.04553]
 [1415.0859   779.637  ]
 [1394.2623   804.18933]
 [1362.4664   816.3991 ]
 [1330.6311   812.2159 ]
 [1303.9158   791.4883 ]
 [1289.8372   757.88727]]