2 0.53709651 0.2155061 0.06643417 0.10693646
2 0.90268393 0.55208569 0.06760391 0.10672705
2 0.6726782 0.23428295 0.06385036 0.10199111
2 0.58091049 0.36203359 0.06456068 0.10557846
2 0.41477505 0.48225283 0.0628375 0.09988378
3 0.87970372 0.26390378 0.06788078 0.10137153
3 0.67035266 0.92061542 0.06590167 0.1081325
3 0.62518523 0.54304448 0.06668099 0.10592405
3 0.39894133 0.18616879 0.06532411 0.10510332
3 0.31329319 0.68161988 0.06721227 0.10432983
1 0.55732312 0.59073524 0.06642667 0.1033756
1 0.06333286 0.89814871 0.06642977 0.09440675
1 0.09792734 0.40651236 0.05605425 0.10687832
1 0.44875568 0.76198352 0.06320271 0.10678178
1 0.19954149 0.56704631 0.06092121 0.11014312
1 0.09401056 0.61407308 0.06505321 0.10201583
0 0.72273802 0.65734762 0.0509901 0.08427683
0 0.55808676 0.82662668 0.05451701 0.08811248
0 0.35487004 0.86396388 0.04776153 0.07657508
0 0.20927869 0.83845958 0.05984974 0.095217
0 0.24808642 0.39760599 0.05536278 0.08627018
