2 0.47409417 0.41721324 0.06446203 0.09923269
2 0.73566303 0.93136973 0.06471532 0.0978599
2 0.59427846 0.51630142 0.06540941 0.10032552
2 0.48041983 0.57062703 0.06611691 0.10342229
2 0.30062135 0.57309336 0.06659781 0.1017244
3 0.77867107 0.66965769 0.06789589 0.09976354
3 0.4381478 1.10707286 0.06435788 0.10152873
3 0.4814827 0.7537324 0.0677851 0.10122045
3 0.35314077 0.30665741 0.06716356 0.09941887
3 0.16302881 0.68291128 0.06766918 0.10017288
1 0.40784836 0.75319702 0.060567 0.10181997
1 -0.11552796 0.71738251 0.06006904 0.09918147
1 0.02600032 0.3139182 0.06397451 0.09198387
1 0.26966286 0.83508367 0.0669462 0.08975372
1 0.08395452 0.51427979 0.06682974 0.09639206
1 -0.02411961 0.49031128 0.06018794 0.09872772
0 0.54604492 0.91223246 0.06227592 0.09870219
0 0.35624078 0.95758382 0.06437006 0.10020009
0 0.16029782 0.86603149 0.06067967 0.09454163
0 0.03197205 0.7546906 0.05179648 0.08005534
0 0.16618481 0.39786189 0.06472654 0.09890236
