0 0.59623566 0.61679011 0.04815636 0.07872823
0 0.3370122 0.85237447 0.05573953 0.09070007
0 0.42196693 0.91326436 0.05535707 0.08793508
0 0.64935659 0.93370789 0.06558272 0.10607585
0 0.85356299 0.82803538 0.05375888 0.08660192
0 0.88253848 0.45875732 0.06281185 0.1006236
1 0.4913222 0.82804952 0.05918277 0.10783513
1 0.49563456 0.66891052 0.0677693 0.10058283
1 0.34062856 1.0061675 0.06250677 0.10151815
1 0.50234254 1.1440269 0.06523733 0.10134572
1 0.79673615 0.99250102 0.06731294 0.09700816
1 0.78239276 0.71647563 0.0634608 0.10616155
2 0.36460908 0.53039124 0.06762683 0.10883041
2 0.36127167 0.6946549 0.06267595 0.10580007
2 0.60802479 1.0818044 0.06769613 0.10878001
2 0.75179825 0.41215591 0.06465664 0.10232079
2 0.5903993 0.43752787 0.06269525 0.1008167
2 0.55719604 0.25669703 0.06685162 0.11065044
3 0.48874477 0.36186974 0.0673652 0.10571523
3 0.65080935 0.80964055 0.0678498 0.10698944
3 0.67487844 0.68917226 0.06815872 0.10777949
3 0.7102314 1.21183868 0.06798356 0.1085968
3 1.03094425 0.52754242 0.06903776 0.10808411
3 1.0710921 0.62811605 0.06769822 0.1091481
