0 0.45107241 0.39641947 0.06755511 0.10578641
0 0.20533657 0.4949321 0.04931332 0.07917013
0 0.07186162 0.68627446 0.05969799 0.09540944
0 0.1613568 0.28826945 0.06556831 0.10435829
0 0.78286413 0.56322398 0.06089617 0.09852941
0 0.66500371 0.80909103 0.04837856 0.08098002
1 0.35566947 0.32532468 0.06735643 0.10214584
1 0.17441746 0.58222082 0.06017089 0.10700887
1 0.10011777 0.4063047 0.0576379 0.10714523
1 0.37393564 0.50651184 0.06492122 0.10499242
1 0.7302138 0.3186114 0.06407839 0.10394915
2 0.1619726 0.81059799 0.0659634 0.10785451
2 0.80824343 0.84022756 0.06474501 0.10282715
2 0.31907867 0.08190666 0.0663077 0.10681569
2 0.24806994 0.20044484 0.06656713 0.10547246
2 0.60276019 0.06772949 0.06561095 0.10310911
2 0.5005044 0.30438276 0.06513996 0.10543966
3 0.26410844 0.95281789 0.06668461 0.10612447
3 0.38652096 0.87292308 0.0672121 0.10597595
3 0.53210475 0.59870697 0.06504424 0.10454117
3 0.46957639 0.49821025 0.0673007 0.10689967
3 0.55364965 0.44018555 0.06779515 0.10585238
3 0.42494332 0.18041804 0.06712513 0.10455611
