0 0.47735659 0.33900716 0.06475557 0.10353134
0 0.24671898 0.52642832 0.05534407 0.0903565
0 0.19417915 0.80444931 0.06552628 0.10567535
0 0.38060341 0.82432933 0.06610518 0.10582809
0 0.56588109 0.71215118 0.06614962 0.10773575
0 0.7232158 0.58423258 0.055874 0.09082408
1 0.35683126 0.37627909 0.06501853 0.10644806
1 0.43786316 0.75343455 0.06409833 0.10406001
1 0.65505206 0.55029694 0.06684723 0.09929342
1 0.45512339 0.53222768 0.06737614 0.09467534
2 0.28419523 0.12625933 0.06303547 0.1019809
2 0.19697458 0.61461431 0.0630318 0.10386393
2 0.50408424 0.22402219 0.06702137 0.10543499
2 0.54343039 -0.05656495 0.06579186 0.10810867
2 0.89625244 0.32338328 0.06708113 0.10802355
3 0.40576302 0.15508484 0.06643124 0.10709007
3 0.68207423 0.21915062 0.06622054 0.10504462
3 0.57533773 0.51700556 0.06668313 0.10769867
3 0.29471226 0.73435008 0.0658484 0.1067362
3 0.75651321 0.76368205 0.06651732 0.10623347
