0 0.34515444 0.53247218 0.06471148 0.10046082
0 0.15531998 0.5973321 0.06933998 0.1093808
0 0.19767373 0.6604185 0.06759095 0.10664836
0 0.29083834 0.66388341 0.0664821 0.10481649
0 0.25389196 0.80162628 0.06096328 0.09583628
0 0.35344187 0.92679545 0.05966317 0.09300741
1 0.26334391 0.51051829 0.06855787 0.09546422
1 0.43521411 0.71826945 0.06593393 0.10747431
1 0.51656262 0.78832769 0.06668173 0.10609202
1 0.43700873 0.86503906 0.06860771 0.09467773
1 0.26376724 0.93315979 0.06013274 0.10983683
1 0.39250377 1.03610982 0.0694013 0.09990611
2 0.24877539 0.1969961 0.0684128 0.10760265
2 0.36848424 0.29749339 0.06784547 0.10556992
2 0.54025116 0.20583949 0.06793302 0.10573624
2 0.18908555 0.80982417 0.06840234 0.10481883
2 0.13766945 0.90319753 0.06504723 0.10318339
2 0.17176587 0.46207041 0.06431839 0.10087072
3 0.0510439 0.2489784 0.06783621 0.10826396
3 0.44879977 0.47703924 0.06953529 0.10802205
3 0.53487409 0.59611059 0.06921345 0.10634644
3 0.35501696 0.74120748 0.06845821 0.10800598
