0 0.26246408 0.39566218 0.06646358 0.10662173
0 0.16846189 0.60030797 0.06239527 0.09936717
0 0.75460574 0.30511093 0.06429323 0.10314166
1 0.57270781 0.26416003 0.06534869 0.10106344
2 0.4636522 0.46641169 0.06405869 0.10299706
2 0.75365168 0.77184306 0.06840731 0.10996221
3 0.30846361 0.62610703 0.06721716 0.10651347
3 0.60372111 0.5181367 0.06727149 0.10759242
3 0.80390015 0.55175975 0.0687863 0.10681218
3 0.36075459 0.84529953 0.06699953 0.10591502
3 0.55762253 0.93242615 0.06717955 0.10825399
