0 0.53511587 0.68042492 0.05414898 0.08547633
0 0.26234012 0.39537021 0.06643811 0.10609242
0 0.23358222 0.79314144 0.05104762 0.08190146
1 0.57689411 0.29093588 0.06568719 0.10108872
2 0.77636846 0.29471562 0.06678276 0.10586797
2 0.44319278 0.4586942 0.0685099 0.10725961
2 0.64710281 0.57768046 0.06455521 0.10474342
2 0.75385531 0.77192275 0.0683076 0.1099775
3 0.30853057 0.62704175 0.06669213 0.10850122
3 0.36092253 0.84517606 0.06764813 0.10646022
3 0.55774264 0.93229629 0.06667566 0.10658392
3 0.80458156 0.55251627 0.0669 0.10585054
