0 0.44912717 0.53625333 0.0609677 0.097536
0 0.28185134 0.66103323 0.04821679 0.0764988
0 0.29917503 0.91349704 0.06166205 0.09800625
0 0.39051052 0.85573769 0.06556687 0.10699712
0 0.58631245 0.58009352 0.06708031 0.10681104
1 0.12350753 0.49529228 0.06098595 0.10817888
1 0.80805688 0.55570676 0.06064594 0.10689641
1 0.69028208 0.74710088 0.06566052 0.10129192
2 0.59882284 0.30114428 0.06305401 0.10024948
2 0.47987013 0.71519458 0.06655019 0.10648583
3 0.43219108 0.28816035 0.06706764 0.10702647
3 0.23036178 0.45183683 0.06642654 0.10470283
