3 0.42002795 0.31843447 0.06612732 0.10555466
3 0.48013589 0.91466983 0.06687967 0.10252617
3 0.62478013 0.35671136 0.06668474 0.10450122
3 0.81170854 0.3676429 0.06737146 0.10606414
3 0.82421674 0.78630167 0.06596151 0.1068175
0 0.73056888 0.66111537 0.05541193 0.08772792
0 0.62497549 0.62309906 0.05471036 0.08821921
1 0.5023143 0.70069815 0.06807733 0.09423504
1 0.36251495 0.68166671 0.06710854 0.09371175
1 0.2410032 0.76917207 0.06499755 0.10374636
1 0.16515825 0.47126793 0.06114392 0.10413097
2 0.49942807 0.48002362 0.06569936 0.1071116
2 0.12925948 0.72982846 0.06510459 0.10573742
2 0.30281003 0.39330112 0.06575146 0.10626783
2 0.89918893 0.55272471 0.06732932 0.10637908
