3 0.535853 0.90572103 0.06873465 0.10410563
3 0.53601462 0.36505531 0.06848358 0.10157934
3 0.72065754 0.43989863 0.06785901 0.10144463
3 0.67918784 0.83766617 0.07044703 0.10690094
3 0.33379107 0.13877716 0.06807874 0.10071939
0 0.48309504 0.57514384 0.05274197 0.07683004
0 0.34932696 0.73755534 0.0683123 0.10140945
0 0.59557718 0.68049108 0.05932668 0.09350637
0 0.42556737 0.26690765 0.06722593 0.09971789
2 0.16071196 0.27582204 0.0674754 0.10185102
2 -0.06384585 0.51470434 0.06399674 0.09799225
2 0.06657215 0.46727112 0.06676001 0.10360179
2 0.09795027 0.6641333 0.06589345 0.10044749
2 0.78812981 0.64453776 0.06748772 0.1032781
1 0.23412746 0.48009481 0.06551423 0.10169327
1 0.37825705 0.46022079 0.06745793 0.09965686
1 0.22877324 0.6874796 0.06075756 0.10482056
1 -0.14111428 0.69446045 0.05945445 0.10013524
1 0.00495679 0.22954127 0.0622262 0.09731663
