3 0.69502299 0.907186 0.0658762 0.1059205
3 0.62529544 0.35773985 0.06597922 0.10566632
3 0.81165362 0.36734046 0.06730151 0.10644842
3 0.82359263 0.78694244 0.06733026 0.10670583
3 0.40153914 0.19898766 0.06583359 0.10369521
0 0.60165344 0.58953958 0.059105 0.09373333
0 0.49468682 0.80243569 0.06357417 0.09943212
0 0.72325638 0.65675922 0.05072193 0.08426389
0 0.50625375 0.29624165 0.063305 0.09908003
2 0.25323829 0.39916217 0.06809973 0.10885948
2 0.06958378 0.72237406 0.06632903 0.10530872
2 0.1883078 0.6272681 0.06378017 0.10460212
2 0.24395716 0.81685765 0.06503453 0.1031547
2 0.90295102 0.55181621 0.06649026 0.10748725
1 0.35054497 0.58114175 0.05884526 0.1083235
1 0.4860254 0.50938529 0.06735654 0.09478692
1 0.37264014 0.79471871 0.06473951 0.10601958
1 0.01876985 0.93363554 0.06248887 0.09834692
1 0.09853805 0.40757877 0.05650754 0.10365462
