3 0.41979351 0.65446401 0.06593383 0.10543025
3 0.33743464 0.78801834 0.06850363 0.108868
3 0.66948675 0.92100911 0.06832612 0.10785797
3 0.4909812 0.36622757 0.06720117 0.10671104
3 0.87512589 0.28883456 0.0654939 0.10453415
3 0.8226518 0.89066783 0.0664821 0.10513321
2 0.45314299 0.89315358 0.06594076 0.10403295
2 0.38795293 0.50006902 0.06738056 0.10706065
2 0.74422798 0.40959854 0.06814626 0.10576274
2 0.67309964 0.23379392 0.06347211 0.09972673
2 0.57798239 0.35661387 0.06514409 0.10262555
0 0.25834389 0.38853317 0.05106012 0.07942253
0 0.23089889 0.59884369 0.06528932 0.10483302
0 0.20923527 0.84149226 0.05989895 0.09753367
0 0.55744158 0.82634898 0.05518017 0.08709427
0 0.72811387 0.59249944 0.05961075 0.09691416
1 0.09809156 0.4069781 0.05671941 0.10646049
1 0.03139051 0.7780425 0.06553758 0.09294724
1 0.06473811 0.90706197 0.06567135 0.09594747
1 0.49586531 0.5258373 0.06823219 0.10011653
1 0.61714681 0.64464417 0.06408558 0.10422165
