3 0.41979353 0.65446404 0.06593383 0.10543025
3 0.33743464 0.78801833 0.06850365 0.108868
3 0.66948672 0.92100908 0.06832615 0.107858
3 0.4909812 0.36622758 0.06720115 0.10671105
3 0.87512589 0.28883456 0.06549385 0.10453415
3 0.82265182 0.89066783 0.06648208 0.10513317
2 0.45314298 0.89315361 0.06594076 0.10403295
2 0.38795294 0.50006902 0.06738057 0.10706063
2 0.74422797 0.40959854 0.06814625 0.10576275
2 0.67309964 0.23379391 0.06347208 0.09972673
2 0.5779824 0.35661386 0.06514406 0.10262555
0 0.25834388 0.38853315 0.05106012 0.07942252
0 0.2308989 0.59884372 0.06528932 0.10483302
0 0.20923527 0.84149225 0.05989894 0.09753367
0 0.55744154 0.82634902 0.05518016 0.0870943
0 0.72811388 0.59249942 0.05961078 0.09691417
1 0.09809156 0.40697808 0.05671942 0.1064605
1 0.0313905 0.77804254 0.06553758 0.09294725
1 0.06473811 0.90706196 0.06567134 0.09594742
1 0.49586533 0.52583727 0.06823219 0.10011654
1 0.6171468 0.64464415 0.06408557 0.10422163
