0 0.54797173 0.92196025 0.05768188 0.09014455
0 0.83675766 0.73160706 0.05957794 0.09578939
0 0.92257411 0.39836177 0.05373389 0.08630096
0 0.62035599 0.42799973 0.0580581 0.09189748
0 0.39637375 0.608974 0.0666365 0.10765462
1 0.51413625 0.43282552 0.06241353 0.10666524
1 0.48271659 0.58415487 0.06360677 0.10539576
1 0.30799205 0.69053518 0.0641482 0.09610748
1 0.42963651 0.93890391 0.05906353 0.10907735
1 0.554772 0.73991567 0.06623344 0.10396449
1 0.76225586 0.57338816 0.06260204 0.10761444
2 0.66148942 0.9402356 0.06511243 0.10615702
2 0.41247924 0.24339498 0.06508789 0.10460939
2 0.64402504 0.0637582 0.06526318 0.10626388
2 0.70808627 0.28867889 0.06320349 0.10016609
2 0.78138479 0.32612577 0.06788686 0.10822637
3 0.65581423 0.6152066 0.06697699 0.10716202
3 0.70235443 0.82047562 0.06801802 0.10779022
3 0.96217295 0.73415354 0.06896254 0.10992956
3 1.09098129 0.59551356 0.0669192 0.10669434
3 0.9651521 0.02338944 0.06782621 0.10731574
3 0.55948346 0.13492334 0.06414042 0.10305394
