0 0.2471886 0.7854985 0.06721269 0.10615917
0 0.55800109 0.82683204 0.054735 0.08763142
0 0.72911141 0.59315496 0.06025427 0.09707125
0 0.45229404 0.39801484 0.06751078 0.10663448
0 0.20126861 0.39606775 0.05920042 0.095813
1 0.35563656 0.32569288 0.06738719 0.10123098
1 0.28496591 0.43780861 0.06444234 0.10322189
1 0.09900829 0.40585115 0.05588434 0.10771787
1 0.13652272 0.714649 0.06757464 0.09663676
1 0.30472309 0.62850935 0.0622344 0.10767237
1 0.53692052 0.63096471 0.06721771 0.10233775
2 0.34305213 0.88549445 0.06671147 0.10804028
2 0.31922143 0.08230999 0.06730728 0.1064635
2 0.57681576 0.09164607 0.06748755 0.10716877
2 0.56970831 0.33845613 0.06720578 0.10642967
2 0.62419682 0.42586582 0.06411438 0.10449018
3 0.42969083 0.59056929 0.06669302 0.10789375
3 0.41283786 0.80793881 0.06833969 0.10742822
3 0.66966737 0.92118283 0.0675162 0.10977733
3 0.82328237 0.89112708 0.06554526 0.10601067
3 0.87484763 0.29021925 0.06747286 0.10645323
3 0.4816503 0.09395958 0.06469118 0.10300653
