0 0.44843202 0.39529674 0.06678711 0.10571614
0 0.19077581 0.43140608 0.06436768 0.10482467
0 0.07716129 0.65732925 0.06485398 0.1037435
0 0.24525465 0.78735945 0.06633769 0.10588506
0 0.44312978 0.79467641 0.05888529 0.09591756
0 0.61862604 0.77023657 0.05454083 0.08822631
1 0.3278652 0.35783213 0.06341308 0.10765727
1 0.31498366 0.75587262 0.06655173 0.09688308
1 0.56376648 0.69744917 0.05936609 0.10727567
1 0.38278701 0.56137732 0.06263428 0.10690787
2 0.31881822 0.08203969 0.06731676 0.10707719
2 0.1238746 0.48301997 0.06445773 0.10592489
2 0.50033348 0.30359582 0.06643857 0.10466402
2 0.60249477 0.06808297 0.0659287 0.10342623
2 0.84028695 0.63102465 0.06566953 0.10375097
3 0.42541564 0.18078453 0.06549071 0.10407245
3 0.66623727 0.40632107 0.06586734 0.10566353
3 0.49761962 0.61936396 0.06726283 0.10803783
3 0.1858223 0.65209283 0.0677865 0.10676967
3 0.60778326 0.95664183 0.06790339 0.10493833
