0 0.42549346 0.40619415 0.06139276 0.09760904
0 0.10396792 0.38583079 0.06600266 0.10618242
0 0.1688982 0.94302979 0.06706822 0.10826758
0 0.36038505 0.57886087 0.05349198 0.08489992
0 0.44502316 0.7940841 0.05885809 0.09427971
1 0.13736399 0.69108635 0.06717442 0.10301304
1 0.69904549 0.79032479 0.06269609 0.10773342
1 0.67663773 0.52622292 0.06188109 0.106012
2 0.44231167 0.17115255 0.0658251 0.10392119
2 0.32251922 0.0809956 0.06696469 0.10706802
2 0.2938642 0.67980568 0.06631577 0.10549291
2 0.84288766 0.63304762 0.06567062 0.10460542
2 0.60561143 0.06857952 0.06590984 0.10422347
3 0.44068701 0.6115077 0.06547255 0.10613023
3 0.13175017 0.14655778 0.06464803 0.1063639
3 0.52489934 0.34205052 0.06726789 0.10643879
3 0.74981036 0.3604808 0.06612198 0.10543527
