0 0.42579615 0.40532869 0.06168479 0.09735496
0 0.24334676 0.48356907 0.06730174 0.1081382
0 0.28625733 0.54274025 0.0661321 0.106157
0 0.3768149 0.53924232 0.06386814 0.10237157
0 0.34488109 0.67804217 0.06068598 0.09715867
0 0.44514057 0.79437104 0.05951625 0.09453208
1 0.34575133 0.38975411 0.06644266 0.09692262
1 0.51849516 0.58221338 0.06498562 0.10505408
1 0.59951893 0.64543481 0.06387932 0.10611305
1 0.52447297 0.72697948 0.06653198 0.09568328
1 0.35891571 0.80728096 0.05861072 0.10863208
1 0.48616458 0.89949175 0.06698208 0.100807
2 0.3226404 0.08101581 0.06646649 0.10647905
2 0.44173833 0.17139936 0.06531937 0.10337652
2 0.60588992 0.06811034 0.06533172 0.10374775
2 0.28221404 0.69096339 0.06693214 0.10443095
2 0.2349535 0.78711493 0.06415446 0.10360053
2 0.2549054 0.34884096 0.06255742 0.10142433
3 0.13216317 0.1470961 0.06624802 0.1072304
3 0.52486306 0.34279553 0.06742669 0.10666762
3 0.61181279 0.45409641 0.06780484 0.10587902
3 0.44132793 0.61080065 0.06595237 0.1059177
