0 0.52225444 0.37186503 0.06399651 0.08356453
0 0.31871084 0.60895457 0.07958447 0.10557373
0 0.86096115 0.20314133 0.07371095 0.09583516
1 0.47049564 0.63214752 0.07351735 0.10675257
2 0.43931742 0.09278631 0.08086777 0.10421523
2 0.7334685 0.06336383 0.08225632 0.10291046
2 0.28642254 0.37189443 0.08050327 0.10613408
2 0.10348522 0.5421168 0.08035326 0.10511419
2 0.87025337 0.63707204 0.08257891 0.10851501
3 0.66009089 0.57639648 0.08225276 0.10626256
3 0.81554038 0.39881068 0.07953644 0.10680621
