0 0.30587758 0.25703496 0.06671749 0.10757879
0 0.32482941 0.56036771 0.05594268 0.08977842
0 0.74603224 0.33260689 0.06161187 0.09762095
0 0.62869409 0.4510562 0.0632187 0.10248935
1 0.57001109 0.64169925 0.0644376 0.1024495
2 0.49377346 0.39350339 0.06791934 0.10479405
2 0.18393259 0.34000791 0.06521701 0.10660045
2 0.18067157 0.71078804 0.06474997 0.10393498
2 0.75343339 0.77190821 0.06872083 0.10936742
3 0.36034299 0.84484854 0.0673284 0.10646325
3 0.55983898 0.8319615 0.06674026 0.1083555
3 0.80393727 0.55069954 0.0670613 0.10639375
