0 0.32649231 0.33024284 0.05955261 0.09443639
0 0.3434089 0.59651886 0.04993486 0.07881063
0 0.7193779 0.39658249 0.05499522 0.08569501
0 0.61464094 0.50056142 0.05642948 0.08996872
1 0.56225999 0.66791448 0.05751762 0.08993368
2 0.49420967 0.45003952 0.06062536 0.09199186
2 0.21764323 0.40307935 0.05821325 0.09357752
2 0.21473239 0.72856303 0.05779634 0.09123774
2 0.72598426 0.78221639 0.06134071 0.09600652
3 0.37510859 0.84624593 0.06009785 0.09345703
3 0.55318031 0.83493332 0.05957292 0.0951181
3 0.77106438 0.58803177 0.05985947 0.0933962
