0 0.38594685 0.78597809 0.053184 0.08547292
0 0.17476929 0.38995809 0.06211605 0.09869759
0 0.07738013 0.75854055 0.05530225 0.08680608
1 0.49487349 0.43199061 0.06767464 0.09657705
2 0.68547262 0.52415955 0.06454754 0.10217056
2 0.33731826 0.53219594 0.06422927 0.10013331
2 0.51236089 0.73800181 0.06434825 0.10263402
2 0.58048344 0.97207947 0.066443 0.10707733
3 0.17775823 0.6327297 0.06858441 0.10642827
3 0.19075673 0.86594198 0.06642057 0.10385712
3 0.36413212 1.03783437 0.06650817 0.10495524
3 0.66804415 0.78414144 0.06547565 0.10441167
