0 0.36717739 0.61115891 0.06033916 0.09393514
0 0.20162608 0.73133214 0.04771972 0.07367462
0 0.21877117 0.9744755 0.06102633 0.09438812
0 0.30916506 0.91884847 0.06489093 0.10304698
0 0.50294838 0.65338064 0.0663888 0.10286779
1 0.04491467 0.57171005 0.06035724 0.10418508
1 0.72240683 0.6298941 0.0600207 0.10294998
1 0.60584615 0.81422231 0.06498369 0.09755234
2 0.51532981 0.38472967 0.06240396 0.09654849
2 0.39760342 0.78349396 0.06586409 0.10255463
3 0.35041593 0.37222506 0.06637621 0.10307526
3 0.15066732 0.52985891 0.06574171 0.10083735
