osmiokat [[1288.9376   512.3811 ]
 [1314.4143   472.2594 ]
 [1364.4026   462.78314]
 [1406.7601   492.78204]
 [1415.0446   542.37604]
 [1389.3364   581.32245]
 [1338.0929   589.7095 ]
 [1296.2885   562.2736 ]]szesciokat [[820.37054 598.383  ]
 [874.2965  558.18915]
 [934.00006 583.29987]
 [944.2077  647.29553]
 [891.8062  689.9107 ]
 [828.87274 663.10834]]czworokat [[522.9639  731.5892 ]
 [611.12573 748.1709 ]
 [593.411   837.7347 ]
 [502.9148  820.09576]]dwunastokat [[ 952.3362   956.33026]
 [ 968.5276   931.32404]
 [ 994.3929   914.12885]
 [1028.5618   912.1511 ]
 [1060.206    926.047  ]
 [1077.8628   958.37396]
 [1080.1414   990.1721 ]
 [1065.2539  1020.07416]
 [1035.1743  1038.9377 ]
 [1000.4767  1039.9303 ]
 [ 970.538   1025.0453 ]
 [ 951.905    994.90027]]