osmiokat [[ 997.4541   691.1475 ]
 [1027.3221   653.9788 ]
 [1078.3894   649.8757 ]
 [1116.1451   680.18384]
 [1120.1079   731.88934]
 [1088.0931   770.0301 ]
 [1038.0851   772.8235 ]
 [1000.15314  741.8847 ]]szesciokat [[1342.3081  1044.622  ]
 [1390.2067  1000.30585]
 [1450.8422  1018.65216]
 [1466.2765  1081.8009 ]
 [1419.8901  1127.4865 ]
 [1355.5253  1107.8208 ]]czworokat [[ 912.0412   911.1777 ]
 [ 992.9305   951.0268 ]
 [ 956.32996 1033.3473 ]
 [ 872.0073   993.5973 ]]dwunastokat [[321.40646 818.9323 ]
 [334.90967 790.9611 ]
 [359.9271  771.93195]
 [389.62738 768.42163]
 [422.73734 781.27893]
 [441.66666 805.2328 ]
 [446.79547 838.8705 ]
 [434.89957 871.8643 ]
 [405.41397 892.29474]
 [371.7765  893.93176]
 [342.80847 881.38995]
 [324.40076 853.981  ]]