dwunastokat [[ 971.3983   823.6455 ]
 [ 982.3321   793.9576 ]
 [1007.63654  771.55634]
 [1039.3423   765.6978 ]
 [1067.7308   773.40295]
 [1093.288    799.80804]
 [1099.808    830.88165]
 [1090.2089   865.3612 ]
 [1063.9711   888.2934 ]
 [1030.876    894.55457]
 [ 999.04144  884.18524]
 [ 977.3784   859.3942 ]]szesciokat [[391.8192  457.0577 ]
 [447.18735 424.09305]
 [503.5904  453.65436]
 [506.14243 521.04193]
 [450.63254 553.65796]
 [392.71976 522.6559 ]]czworokat [[ 399.0388  1028.5586 ]
 [ 488.5433  1020.97437]
 [ 497.0818  1113.628  ]
 [ 407.47256 1119.2146 ]]osmiokat [[1356.9614   767.6237 ]
 [1367.9874   719.3918 ]
 [1411.6809   694.8149 ]
 [1460.6934   705.3316 ]
 [1484.9369   750.6011 ]
 [1473.3904   797.8647 ]
 [1432.0868   824.1247 ]
 [1378.753    809.80554]]