dwunastokat [[236.48535 617.8351 ]
 [272.6341  622.5199 ]
 [295.63364 644.36743]
 [307.4198  674.7869 ]
 [301.74435 707.77136]
 [282.53677 733.75726]
 [246.5431  745.1406 ]
 [212.75743 739.4006 ]
 [187.06969 715.7095 ]
 [178.36429 687.3965 ]
 [184.45004 651.3241 ]
 [207.32501 626.10345]]szesciokat [[828.13226 355.5254 ]
 [892.4038  345.0026 ]
 [933.84814 393.51086]
 [913.5938  454.19455]
 [847.80444 465.49792]
 [806.26385 417.1655 ]]czworokat [[ 862.2335 1100.3755]
 [ 953.1511 1100.3735]
 [ 953.0974 1194.6498]
 [ 861.6194 1194.1953]]osmiokat [[1511.5243   325.63007]
 [1562.293    329.11154]
 [1593.5878   368.56738]
 [1588.7336   418.27884]
 [1550.868    446.90497]
 [1500.9253   443.44934]
 [1468.7563   403.87994]
 [1469.0106   358.1178 ]]