czworokat [[ 969.5546   711.4668 ]
 [1057.9703   705.37115]
 [1066.5571   795.1372 ]
 [ 974.2706   801.0708 ]]szesciokat [[1134.145   878.9265]
 [1199.0626  869.9998]
 [1238.5454  919.2948]
 [1215.5376  979.8075]
 [1148.1698  988.6095]
 [1111.062   939.1615]]osmiokat [[ 969.8212   892.7704 ]
 [1015.92426  872.5255 ]
 [1062.2375   890.5684 ]
 [1081.7806   934.21967]
 [1067.403    978.90643]
 [1021.6031  1000.3782 ]
 [ 974.68677  986.43933]
 [ 954.3132   935.83685]]dwunastokat [[1106.2747   714.2074 ]
 [1125.9642   688.9144 ]
 [1160.3257   672.9312 ]
 [1189.059    676.1377 ]
 [1217.4353   695.9039 ]
 [1230.1936   725.10077]
 [1227.2067   759.39276]
 [1208.4114   784.3338 ]
 [1177.5582   799.2529 ]
 [1142.5365   796.9855 ]
 [1119.5026   777.6146 ]
 [1103.7461   745.35803]]