czworokat [[652.54004 375.40256]
 [741.1108  348.9978 ]
 [766.61145 436.81818]
 [677.85266 462.8948 ]]szesciokat [[332.56998 769.5933 ]
 [396.43692 768.69635]
 [426.84796 825.36285]
 [399.3641  880.18384]
 [332.74203 881.4371 ]
 [298.9681  824.91364]]osmiokat [[864.8587  702.6341 ]
 [908.22015 680.41205]
 [956.753   697.4746 ]
 [978.49646 740.4504 ]
 [961.5201  788.0418 ]
 [915.4332  810.3517 ]
 [869.4361  794.2603 ]
 [847.7753  748.68164]]dwunastokat [[1449.7896   429.09708]
 [1485.7812   421.75876]
 [1514.4646   430.97437]
 [1537.8844   456.0692 ]
 [1546.0585   494.14035]
 [1533.3878   523.3648 ]
 [1508.9863   541.84467]
 [1472.3452   549.5729 ]
 [1443.7595   538.3468 ]
 [1422.5259   508.2236 ]
 [1416.2002   486.20953]
 [1423.5581   451.51245]]