czworokat [[682.68365 793.4802 ]
 [773.26373 805.8265 ]
 [759.2141  895.3968 ]
 [669.7876  883.9543 ]]szesciokat [[1461.5474   439.8237 ]
 [1523.4347   426.25604]
 [1566.0066   475.1644 ]
 [1546.4548   536.27057]
 [1484.1196   548.98773]
 [1440.6625   500.6953 ]]osmiokat [[504.55502 449.08862]
 [544.81775 422.52682]
 [596.2047  434.13522]
 [620.1391  474.0522 ]
 [610.1008  522.39667]
 [572.26556 548.23663]
 [519.43677 539.8125 ]
 [493.4263  498.75827]]dwunastokat [[1060.4147   550.42566]
 [1098.9105   543.493  ]
 [1130.0537   555.957  ]
 [1150.4744   580.0964 ]
 [1155.2452   614.18256]
 [1142.2328   645.66986]
 [1118.3997   666.3439 ]
 [1088.5315   671.90466]
 [1050.8792   660.2666 ]
 [1032.8062   638.2276 ]
 [1025.459    604.2616 ]
 [1036.6757   571.1227 ]]