czworokat [[387.5651  484.19742]
 [454.62048 542.42053]
 [392.74725 612.44403]
 [326.72546 551.18506]]szesciokat [[1337.4993   572.22156]
 [1396.351    586.50214]
 [1416.2767   647.9758 ]
 [1372.1011   695.60724]
 [1310.5869   681.4025 ]
 [1292.0306   616.8042 ]]osmiokat [[ 957.6741   913.5198 ]
 [1002.31836  893.12024]
 [1048.9749   911.09686]
 [1068.264    955.5817 ]
 [1049.9487  1003.72266]
 [1005.54266 1023.36633]
 [ 957.862   1005.666  ]
 [ 937.86615  959.67725]]dwunastokat [[839.13745 560.5252 ]
 [876.1973  559.2901 ]
 [903.40204 575.79816]
 [920.20233 602.2966 ]
 [921.106   639.391  ]
 [904.3091  668.3948 ]
 [874.70074 685.20917]
 [839.7542  685.2537 ]
 [810.1107  666.8619 ]
 [794.81134 639.4148 ]
 [795.446   604.7913 ]
 [811.66864 575.16925]]