czworokat [[537.6045  615.5983 ]
 [585.1839  691.6921 ]
 [507.72134 739.25354]
 [461.3259  661.82983]]osmiokat [[1430.4933   501.98047]
 [1478.459    508.20444]
 [1509.8427   546.92596]
 [1504.1599   597.36115]
 [1463.1349   627.4705 ]
 [1414.1559   619.4565 ]
 [1384.1901   581.9589 ]
 [1390.171    531.85876]]osmiokat [[ 923.0091   661.09393]
 [ 970.7165   646.4035 ]
 [1015.68726  668.645  ]
 [1031.6938   718.86304]
 [1008.00085  762.98474]
 [ 960.20483  777.28174]
 [ 915.23206  753.8021 ]
 [ 900.8786   703.4968 ]]dwunastokat [[ 680.07666 1034.7142 ]
 [ 709.2346  1024.5381 ]
 [ 745.32666 1029.8802 ]
 [ 769.4317  1050.3488 ]
 [ 778.2251  1077.4257 ]
 [ 774.3448  1114.9818 ]
 [ 753.19586 1140.5737 ]
 [ 722.60767 1151.3893 ]
 [ 687.5117  1145.7815 ]
 [ 663.20886 1123.2936 ]
 [ 652.0836  1094.4816 ]
 [ 657.59607 1058.8422 ]]