czworokat [[1194.8585   877.27344]
 [1270.4448   933.19214]
 [1216.7975  1006.6861 ]
 [1140.1914   951.328  ]]szesciokat [[514.89    850.5122 ]
 [580.7815  840.77765]
 [620.62494 892.89087]
 [598.0224  953.6831 ]
 [527.4468  962.8228 ]
 [490.62396 911.2816 ]]osmiokat [[ 902.2089   714.0442 ]
 [ 946.6255   695.2263 ]
 [ 992.4845   709.1843 ]
 [1015.09033  756.5089 ]
 [ 998.06586  801.1653 ]
 [ 953.521    822.7929 ]
 [ 906.2619   806.9368 ]
 [ 886.0862   759.07477]]dwunastokat [[797.8768  331.51056]
 [828.0353  317.2677 ]
 [860.3994  319.62103]
 [888.24133 338.93118]
 [902.343   367.33615]
 [900.1783  401.30667]
 [882.0821  427.9997 ]
 [851.1744  444.25717]
 [817.42224 442.62277]
 [791.0863  424.07434]
 [776.8946  393.51917]
 [778.0006  359.1925 ]]