czworokat [[897.9418  571.5373 ]
 [974.9117  619.7007 ]
 [924.60675 697.5414 ]
 [849.7973  648.0937 ]]szesciokat [[562.0099  265.02487]
 [626.34283 271.11304]
 [651.47485 330.19534]
 [614.6836  382.30652]
 [547.3894  376.95547]
 [523.30945 314.80664]]osmiokat [[1258.7908   543.4332 ]
 [1304.2609   525.1196 ]
 [1349.8414   543.1883 ]
 [1369.7727   589.28094]
 [1350.5963   633.6921 ]
 [1305.8875   654.4467 ]
 [1259.1553   635.2966 ]
 [1239.4164   591.5064 ]]dwunastokat [[ 997.7509  1024.7318 ]
 [1025.9706  1008.04205]
 [1063.8317  1006.5068 ]
 [1091.4375  1023.53235]
 [1106.9491  1051.1658 ]
 [1106.437   1085.9332 ]
 [1093.0663  1112.6749 ]
 [1063.033   1131.6407 ]
 [1030.6927  1133.2217 ]
 [ 998.6382  1117.759  ]
 [ 981.49603 1086.8663 ]
 [ 981.7906  1051.6903 ]]