czworokat [[666.039   304.6141 ]
 [750.1736  275.17365]
 [781.5556  356.939  ]
 [695.6136  388.0351 ]]szesciokat [[1017.5214   963.8196 ]
 [1064.2823   923.5745 ]
 [1124.003    940.95874]
 [1140.579   1003.23224]
 [1094.1012  1047.637  ]
 [1032.483   1029.1288 ]]osmiokat [[555.20105 797.1683 ]
 [579.8626  758.17523]
 [626.8069  749.33057]
 [669.5161  775.7916 ]
 [681.8377  820.5466 ]
 [658.5815  862.2056 ]
 [606.4178  874.29236]
 [565.7169  847.73834]]dwunastokat [[ 963.7774   658.4449 ]
 [ 977.0049   628.57196]
 [1006.05255  609.3629 ]
 [1035.5543   605.52277]
 [1067.248    618.34033]
 [1087.8481   646.9988 ]
 [1087.4696   681.20685]
 [1076.7909   709.0092 ]
 [1051.1102   730.3685 ]
 [1015.98987  732.8696 ]
 [ 985.615    719.9909 ]
 [ 965.5081   694.74646]]