czworokat [[1470.0974   448.12317]
 [1556.0942   479.3968 ]
 [1525.5676   566.0704 ]
 [1438.805    532.9872 ]]szesciokat [[751.9589  431.9968 ]
 [808.966   402.0445 ]
 [863.8023  436.58188]
 [860.85626 498.71133]
 [806.20044 529.39526]
 [749.63525 497.2356 ]]osmiokat [[ 903.80975  710.7383 ]
 [ 925.31006  665.696  ]
 [ 975.52094  649.80646]
 [1017.09357  672.35065]
 [1033.5431   720.63153]
 [1010.51416  765.80316]
 [ 964.8192   781.2077 ]
 [ 918.6577   761.0907 ]]dwunastokat [[592.8048  768.4077 ]
 [611.16815 738.6529 ]
 [638.1196  723.4601 ]
 [672.68195 722.48254]
 [703.22784 737.83246]
 [719.43884 766.1249 ]
 [720.226   797.9536 ]
 [704.142   827.7063 ]
 [676.0267  845.1642 ]
 [643.09656 847.0925 ]
 [612.40216 831.30664]
 [595.20715 803.7691 ]]