czworokat [[1176.7445   273.3196 ]
 [1252.5358   323.5594 ]
 [1204.3176   398.6495 ]
 [1126.6577   348.54028]]dwunastokat [[308.39026 850.6166 ]
 [323.2847  818.4626 ]
 [355.70255 800.8608 ]
 [385.76715 798.99445]
 [415.5276  813.3467 ]
 [434.96924 837.6958 ]
 [436.23874 867.49316]
 [423.0521  900.6804 ]
 [397.15735 921.00494]
 [363.89136 925.16943]
 [333.99002 912.8923 ]
 [311.09863 886.3445 ]]osmiokat [[713.97614 490.95615]
 [754.3428  463.19635]
 [802.5824  471.53043]
 [831.5065  508.66516]
 [822.29694 559.93506]
 [784.4931  588.36615]
 [733.77734 580.5269 ]
 [705.8511  540.5617 ]]szesciokat [[1265.5265  926.0652]
 [1293.      870.891 ]
 [1359.0254  866.67  ]
 [1394.7955  918.2894]
 [1368.6306  976.7827]
 [1300.9868  980.9739]]