czworokat [[1483.5829   439.09003]
 [1559.7438   489.31815]
 [1511.328    566.2972 ]
 [1431.6763   516.0249 ]]osmiokat [[812.8571  642.7012 ]
 [840.88306 602.7075 ]
 [889.4053  592.5951 ]
 [930.00275 619.29425]
 [940.2134  670.10175]
 [913.1444  711.14954]
 [863.379   719.46606]
 [823.1152  693.106  ]]dwunastokat [[1015.3396   490.2429 ]
 [1027.628    462.11282]
 [1055.3043   441.62314]
 [1088.0393   436.97498]
 [1120.3347   449.12878]
 [1139.8369   475.87424]
 [1144.2821   510.84537]
 [1131.4929   539.3969 ]
 [1105.9392   558.49445]
 [1070.9598   563.5095 ]
 [1039.688    551.3262 ]
 [1019.786    526.465  ]]szesciokat [[598.3877  851.8425 ]
 [648.7422  810.3222 ]
 [709.86255 830.98267]
 [721.3397  896.8213 ]
 [667.5062  939.08276]
 [609.2802  917.9708 ]]