czworokat [[1319.9714   458.33728]
 [1409.5977   485.22748]
 [1382.5349   572.4777 ]
 [1295.1567   546.81335]]szesciokat [[681.8889  740.7977 ]
 [683.2683  675.28424]
 [739.61194 643.7365 ]
 [795.5902  677.3457 ]
 [794.51294 741.20764]
 [736.17395 771.57385]]osmiokat [[1081.3009   898.9716 ]
 [1116.6262   864.1987 ]
 [1167.7949   863.2349 ]
 [1202.1604   895.76373]
 [1200.4446   947.62836]
 [1165.6412   983.93176]
 [1114.8844   984.08954]
 [1078.4259   947.1686 ]]dwunastokat [[512.1211  489.0438 ]
 [526.6981  462.50497]
 [552.7301  439.4056 ]
 [586.2216  435.48557]
 [622.32874 455.08978]
 [636.1954  477.5424 ]
 [640.12054 505.97144]
 [628.7651  536.6066 ]
 [602.45135 559.62976]
 [567.56647 563.72833]
 [536.39294 551.87274]
 [515.43396 523.7179 ]]