osmiokat [[812.06793 795.8543 ]
 [834.4087  749.2784 ]
 [883.3913  735.60693]
 [924.0821  753.3426 ]
 [942.9932  803.318  ]
 [923.3672  845.7532 ]
 [874.5889  864.05817]
 [830.07684 844.32684]]czworokat [[884.08405 361.99728]
 [953.4795  420.49802]
 [895.0816  489.6092 ]
 [824.862   430.6479 ]]szesciokat [[228.39452 586.1304 ]
 [270.20242 538.09436]
 [337.34967 552.2445 ]
 [353.3259  610.08984]
 [313.34622 661.44305]
 [247.25157 647.35706]]dwunastokat [[1238.0834   577.9301 ]
 [1258.9347   555.4667 ]
 [1293.6495   546.212  ]
 [1324.5889   553.09576]
 [1348.8188   573.9704 ]
 [1358.519    609.48895]
 [1349.1461   645.9589 ]
 [1325.883    666.1998 ]
 [1294.9354   674.3567 ]
 [1262.787    666.3654 ]
 [1239.7433   645.45233]
 [1230.4026   612.01587]]