dwunastokat [[408.26044 813.45605]
 [426.81052 783.83124]
 [455.52994 770.80426]
 [488.578   771.48517]
 [518.183   790.4413 ]
 [533.27484 816.9052 ]
 [531.64386 850.45465]
 [516.992   875.4447 ]
 [484.19464 893.7924 ]
 [446.85797 892.3997 ]
 [423.54523 876.4998 ]
 [406.9723  845.2008 ]]czworokat [[1057.4138   728.1441 ]
 [1119.1018   663.9778 ]
 [1185.4708   725.86346]
 [1122.1931   792.04156]]szesciokat [[674.177   490.07428]
 [729.1918  457.0825 ]
 [788.28644 488.08475]
 [787.475   550.6274 ]
 [733.5792  584.93506]
 [675.7109  555.8627 ]]osmiokat [[ 867.5021  1015.5912 ]
 [ 878.5698   970.8202 ]
 [ 924.02637  944.6648 ]
 [ 969.15936  955.5499 ]
 [ 995.1114   996.41174]
 [ 983.87177 1045.1847 ]
 [ 940.9223  1071.4785 ]
 [ 892.55707 1058.9882 ]]