dwunastokat [[1314.8524 1026.8384]
 [1350.0059 1025.0709]
 [1381.3723 1042.0408]
 [1397.472  1068.6825]
 [1397.6853 1103.5985]
 [1384.5381 1130.2739]
 [1355.661  1150.569 ]
 [1320.8846 1152.1755]
 [1290.2003 1138.7947]
 [1272.7488 1106.3901]
 [1271.203  1069.6727]
 [1286.6312 1043.685 ]]czworokat [[1098.4338   678.54767]
 [1186.0713   651.2075 ]
 [1211.9154   736.009  ]
 [1125.0073   763.6875 ]]czworokat [[ 927.719    903.26355]
 [1010.8299   938.85315]
 [ 972.6731  1022.5821 ]
 [ 888.7675   985.53577]]osmiokat [[420.84177 474.36343]
 [441.88486 431.6689 ]
 [490.53146 413.67892]
 [535.36084 436.71683]
 [551.59326 477.74615]
 [533.7147  528.2922 ]
 [489.18628 544.3103 ]
 [437.2434  524.5144 ]]osmiokat [[100.12101  812.4293  ]
 [150.02498  803.66364 ]
 [188.63084  833.5424  ]
 [197.27673  877.78656 ]
 [170.29477  921.521   ]
 [119.98212  930.0341  ]
 [ 80.268906 902.12354 ]
 [ 69.925    856.1139  ]]osmiokat [[300.32202 767.1134 ]
 [307.02814 722.1217 ]
 [350.78412 689.96045]
 [401.43564 699.52325]
 [422.77994 736.8928 ]
 [421.95276 780.6135 ]
 [381.09622 815.483  ]
 [329.7949  809.2863 ]]szesciokat [[619.30524 664.17224]
 [674.7839  632.376  ]
 [729.5378  664.017  ]
 [729.4161  730.7855 ]
 [675.3395  762.3642 ]
 [616.5549  728.61426]]szesciokat [[868.5065  612.09033]
 [901.34924 555.6547 ]
 [965.8111  554.3902 ]
 [997.83105 608.702  ]
 [967.9241  667.7117 ]
 [900.92883 668.1345 ]]czworokat [[1348.8115   737.55273]
 [1437.3453   747.091  ]
 [1428.614    838.6694 ]
 [1339.9592   829.5262 ]]szesciokat [[ 653.31915  935.1516 ]
 [ 699.2293   890.0507 ]
 [ 761.2721   907.88385]
 [ 777.619    970.1061 ]
 [ 728.93195 1017.2742 ]
 [ 667.4027   997.5824 ]]osmiokat [[ 405.9646   963.152  ]
 [ 437.7264   923.68207]
 [ 485.77335  918.33636]
 [ 526.2165   949.7079 ]
 [ 530.8309   997.35956]
 [ 499.7769  1037.8009 ]
 [ 450.75992 1042.122  ]
 [ 411.81604 1010.9683 ]]szesciokat [[ -23.951204  1102.3896   ]
 [  12.687256  1061.3545   ]
 [  74.671524  1069.3014   ]
 [  96.027435  1128.5502   ]
 [  56.22691   1179.3708   ]
 [  -6.3598857 1168.6733   ]]osmiokat [[1669.8353   667.2403 ]
 [1681.5635   620.57904]
 [1726.2186   597.6871 ]
 [1772.1667   611.4232 ]
 [1797.4966   655.48975]
 [1786.0814   699.5597 ]
 [1739.8326   726.6718 ]
 [1694.751    713.3377 ]]dwunastokat [[1137.2272   417.1827 ]
 [1149.0837   388.73657]
 [1175.6014   368.99478]
 [1208.5005   365.88803]
 [1240.659    379.13065]
 [1260.8973   404.63486]
 [1263.9073   439.07663]
 [1247.128    472.55484]
 [1213.7863   490.10202]
 [1187.3771   492.68762]
 [1156.8346   479.37372]
 [1138.8368   452.93045]]dwunastokat [[1499.6831   412.267  ]
 [1520.7971   387.05133]
 [1554.2683   376.9395 ]
 [1586.3961   384.32123]
 [1613.3807   408.43036]
 [1622.9844   437.67545]
 [1616.8417   467.8475 ]
 [1594.5226   494.81564]
 [1563.1467   504.6776 ]
 [1528.289    499.21722]
 [1503.3628   475.1594 ]
 [1493.7655   445.3341 ]]dwunastokat [[1519.4653   926.3298 ]
 [1534.63     896.848  ]
 [1562.0394   880.5912 ]
 [1595.3966   880.30743]
 [1627.3389   897.1841 ]
 [1645.9349   925.5258 ]
 [1645.3949   959.104  ]
 [1632.6725   985.5665 ]
 [1603.144   1007.8297 ]
 [1566.3746  1008.35443]
 [1532.1692   988.7636 ]
 [1516.6608   957.1568 ]]szesciokat [[136.68211 455.90146]
 [190.97842 426.90176]
 [241.59094 454.74365]
 [243.44029 516.99023]
 [191.54578 551.2873 ]
 [134.94582 519.34216]]dwunastokat [[709.58417 215.28084]
 [729.8808  190.70346]
 [759.7001  176.56807]
 [792.18506 178.96422]
 [820.4254  198.67273]
 [834.1554  226.88614]
 [830.8699  260.9665 ]
 [811.42126 285.83557]
 [787.27045 299.039  ]
 [751.9979  301.00232]
 [725.0551  284.50125]
 [707.7549  250.29929]]czworokat [[ 954.02484  296.04196]
 [1032.78     336.48315]
 [ 991.47516  414.938  ]
 [ 911.2344   375.5014 ]]