osmiokat [[ 967.4485   264.0635 ]
 [ 978.0685   219.39081]
 [1020.2534   194.44545]
 [1069.594    206.2017 ]
 [1095.0021   246.78639]
 [1081.4619   299.3975 ]
 [1041.9565   322.7692 ]
 [ 990.2424   313.70117]]dwunastokat [[1636.5767   281.7868 ]
 [1667.3191   258.51218]
 [1703.5653   255.86162]
 [1732.7377   269.52313]
 [1753.385    299.40524]
 [1754.1967   332.44748]
 [1740.4473   359.98148]
 [1712.1625   377.32944]
 [1672.4266   377.50745]
 [1650.1663   368.81708]
 [1626.7396   337.44116]
 [1623.8656   306.52164]]dwunastokat [[1228.2079 1075.667 ]
 [1247.3575 1051.2034]
 [1276.2236 1039.859 ]
 [1315.3562 1044.2712]
 [1338.4307 1066.8154]
 [1350.3427 1099.8083]
 [1343.1488 1135.4172]
 [1320.5167 1159.9386]
 [1290.264  1169.618 ]
 [1255.9374 1162.7174]
 [1237.1101 1144.7854]
 [1223.8115 1116.8457]]dwunastokat [[1136.3419   640.67786]
 [1148.6353   610.3385 ]
 [1174.2185   592.6591 ]
 [1206.7493   588.09894]
 [1239.3721   598.0785 ]
 [1259.6248   622.2127 ]
 [1264.3694   655.8675 ]
 [1250.9731   690.8039 ]
 [1225.3053   710.7375 ]
 [1189.5195   715.2078 ]
 [1160.188    703.29443]
 [1140.041    677.8412 ]]dwunastokat [[703.2562  213.38966]
 [715.7993  183.25214]
 [744.0872  162.90494]
 [774.8397  160.34056]
 [804.6691  171.73424]
 [827.65045 199.8051 ]
 [828.6785  231.3822 ]
 [817.39185 260.0178 ]
 [789.2343  281.10873]
 [756.8932  286.46454]
 [725.7514  274.27106]
 [705.84436 246.37589]]dwunastokat [[538.804   799.7999 ]
 [556.33356 771.4898 ]
 [586.01636 755.34595]
 [622.7777  755.5393 ]
 [649.8074  772.122  ]
 [666.0467  802.03204]
 [663.1821  836.6778 ]
 [648.86926 863.4722 ]
 [617.7369  880.54175]
 [581.2636  880.10394]
 [555.2158  865.40533]
 [536.99915 832.66516]]osmiokat [[1681.8881   623.2496 ]
 [1724.1152   598.4666 ]
 [1770.4083   610.57556]
 [1798.0529   653.6733 ]
 [1785.3269   702.41113]
 [1742.0758   726.53906]
 [1693.8875   714.1388 ]
 [1668.2534   666.52515]]szesciokat [[1006.2908   691.85754]
 [1049.1718   646.85693]
 [1114.0287   661.58356]
 [1133.83     720.9259 ]
 [1088.6503   770.90765]
 [1024.3392   755.4832 ]]osmiokat [[1230.2458   298.73642]
 [1233.4736   252.6728 ]
 [1272.052    219.94487]
 [1320.408    223.86334]
 [1352.8385   263.60095]
 [1348.6505   312.5357 ]
 [1310.5912   342.3342 ]
 [1259.8173   335.60724]]osmiokat [[1053.3699   416.80356]
 [1082.3447   377.28827]
 [1131.6542   371.09323]
 [1170.3413   402.44595]
 [1177.3264   449.05026]
 [1145.5385   493.0674 ]
 [1097.6315   497.78738]
 [1056.5002   463.91577]]osmiokat [[736.0441  554.5061 ]
 [770.84827 519.7969 ]
 [820.8388  518.77313]
 [856.08826 556.28125]
 [856.6921  602.30975]
 [823.0638  638.07605]
 [769.2856  638.63367]
 [736.0812  604.4503 ]]szesciokat [[  57.82652 1072.419  ]
 [  95.42785 1021.1344 ]
 [ 156.02542 1022.1616 ]
 [ 185.37167 1078.6843 ]
 [ 150.93336 1134.4225 ]
 [  87.8272  1132.4055 ]]szesciokat [[134.20842 457.6335 ]
 [189.48683 423.68784]
 [241.83258 454.4481 ]
 [241.80464 515.5965 ]
 [188.58797 551.94183]
 [134.23398 520.5026 ]]szesciokat [[811.65906 874.2115 ]
 [872.89575 850.31116]
 [922.2855  891.8966 ]
 [912.35223 954.3903 ]
 [849.9872  978.4493 ]
 [800.9363  938.4782 ]]szesciokat [[324.6353  649.0902 ]
 [380.9328  614.3697 ]
 [439.5469  645.1147 ]
 [441.60403 709.346  ]
 [385.02487 746.54144]
 [327.85825 715.95135]]szesciokat [[118.049194 720.46826 ]
 [163.52385  675.6782  ]
 [225.38048  691.08124 ]
 [242.95135  747.0911  ]
 [196.97928  798.0972  ]
 [135.69473  782.95734 ]]czworokat [[1346.9542   738.25104]
 [1436.6075   746.4744 ]
 [1428.4132   839.38324]
 [1338.7065   828.39325]]czworokat [[1033.3424   939.08453]
 [1123.8629   953.53894]
 [1109.1079  1044.8195 ]
 [1019.19025 1029.2509 ]]czworokat [[ 637.9291   990.8116 ]
 [ 726.9772   992.34894]
 [ 727.20154 1082.7017 ]
 [ 635.4994  1082.2473 ]]czworokat [[ 344.35934  976.0817 ]
 [ 433.62454  949.0213 ]
 [ 459.27084 1036.4856 ]
 [ 370.10815 1063.2817 ]]czworokat [[438.40045 425.36508]
 [529.4742  441.26407]
 [515.0848  528.8893 ]
 [423.17767 514.7061 ]]