czworokat [[801.2061  475.7645 ]
 [865.97974 412.23154]
 [930.9119  475.07022]
 [867.2863  539.17523]]czworokat [[346.90543 552.1783 ]
 [438.7862  546.41644]
 [441.587   637.90216]
 [350.59055 641.4206 ]]czworokat [[110.632355 766.2837  ]
 [195.2844   794.41675 ]
 [164.26758  880.775   ]
 [ 80.664246 851.83276 ]]czworokat [[246.85948 333.83548]
 [320.94138 283.30838]
 [372.75064 355.85364]
 [298.15375 408.53833]]czworokat [[1444.6388   649.5755 ]
 [1526.9625   616.75116]
 [1561.5594   700.5449 ]
 [1477.3237   734.98645]]czworokat [[1230.3638   926.3697 ]
 [1318.6399   922.3212 ]
 [1323.2506  1014.7753 ]
 [1233.4828  1019.49725]]szesciokat [[641.99835 340.73712]
 [705.1236  329.1021 ]
 [747.54755 379.89108]
 [727.59546 439.4    ]
 [661.4218  451.67712]
 [618.2232  402.1467 ]]szesciokat [[281.1861  662.6345 ]
 [340.25058 634.45966]
 [392.64557 670.64185]
 [389.05972 735.8314 ]
 [330.20496 762.8703 ]
 [277.11746 725.42194]]szesciokat [[136.89374 454.52985]
 [193.39442 423.2785 ]
 [246.27982 453.65897]
 [247.5585  517.784  ]
 [191.68732 551.8528 ]
 [137.8294  518.6389 ]]szesciokat [[655.632   626.33325]
 [671.1852  562.47015]
 [732.99316 544.8188 ]
 [780.28076 588.2642 ]
 [765.52545 650.3308 ]
 [702.32007 670.8097 ]]szesciokat [[1340.4952   398.38602]
 [1355.2518   337.87088]
 [1418.3165   319.9642 ]
 [1463.5258   363.39673]
 [1448.8663   426.05002]
 [1386.89     444.7032 ]]osmiokat [[ 247.66254  964.9954 ]
 [ 270.24127  922.6715 ]
 [ 315.36038  908.0049 ]
 [ 364.03986  932.1274 ]
 [ 374.31226  978.49146]
 [ 351.89023 1022.5634 ]
 [ 304.14215 1037.4303 ]
 [ 259.65427 1011.2665 ]]osmiokat [[1494.6117   976.7332 ]
 [1530.364    946.5768 ]
 [1583.0132   952.58044]
 [1613.9827   992.3003 ]
 [1607.6735  1040.4901 ]
 [1567.3595  1069.9694 ]
 [1516.3868  1064.9021 ]
 [1489.6722  1028.6266 ]]osmiokat [[548.97565  101.43997 ]
 [566.5899    52.95643 ]
 [611.2906    34.198586]
 [657.36523   51.79138 ]
 [676.28644   95.21951 ]
 [660.50934  142.46019 ]
 [614.5264   162.37741 ]
 [567.553    145.64317 ]]osmiokat [[412.38983 229.2305 ]
 [438.43356 188.08806]
 [486.84482 177.25034]
 [527.19727 202.03127]
 [540.1987  248.53645]
 [515.8955  290.10522]
 [463.5931  303.8173 ]
 [423.02222 277.42535]]osmiokat [[1094.3131     95.740685]
 [1101.3712     47.85116 ]
 [1142.6771     19.409924]
 [1191.8201     25.850342]
 [1220.2861     63.928402]
 [1210.857     117.014565]
 [1170.6875    143.14085 ]
 [1122.2761    137.07454 ]]osmiokat [[ 898.4341   377.96222]
 [ 905.05255  329.7046 ]
 [ 946.65204  301.9955 ]
 [ 996.172    309.86166]
 [1023.5028   351.45935]
 [1015.4182   401.85324]
 [ 976.0269   428.5231 ]
 [ 923.90405  420.3234 ]]dwunastokat [[ 443.07095 1163.3575 ]
 [ 443.29288 1128.2386 ]
 [ 461.0925  1096.8799 ]
 [ 489.4953  1081.1036 ]
 [ 527.2827  1079.7068 ]
 [ 553.8046  1096.1339 ]
 [ 570.50214 1123.292  ]
 [ 571.1054  1158.3457 ]
 [ 554.71844 1187.4304 ]
 [ 531.126   1201.2825 ]
 [ 495.11072 1207.0562 ]
 [ 462.84534 1194.9719 ]]dwunastokat [[ 677.5966  1038.2993 ]
 [ 689.75726 1008.3222 ]
 [ 713.6074   989.9472 ]
 [ 747.21704  983.9221 ]
 [ 777.9992   994.1564 ]
 [ 802.60645 1021.09125]
 [ 806.64386 1054.8236 ]
 [ 793.89307 1086.8306 ]
 [ 768.5506  1105.3555 ]
 [ 734.8156  1111.0933 ]
 [ 703.09485 1099.2329 ]
 [ 682.9939  1074.4492 ]]dwunastokat [[ 960.1332   734.8346 ]
 [ 959.19867  703.6052 ]
 [ 975.8315   670.4179 ]
 [1002.8544   655.7237 ]
 [1037.5312   655.74866]
 [1066.4552   671.203  ]
 [1083.9928   699.70404]
 [1084.0836   737.4492 ]
 [1067.9114   763.5655 ]
 [1038.8682   780.1486 ]
 [1004.82697  781.1731 ]
 [ 976.6232   764.54083]]dwunastokat [[836.978   593.3054 ]
 [849.5167  561.941  ]
 [874.2996  539.35846]
 [905.0363  533.7125 ]
 [937.9726  543.1296 ]
 [958.98505 566.9767 ]
 [966.1954  599.5894 ]
 [957.7271  633.76776]
 [931.0785  656.03406]
 [898.4587  661.9921 ]
 [868.00494 652.2917 ]
 [844.50665 627.1801 ]]dwunastokat [[ 997.924    535.57794]
 [1002.9743   501.9515 ]
 [1025.3431   476.1172 ]
 [1055.9152   464.7112 ]
 [1087.1381   468.7268 ]
 [1114.8759   489.764  ]
 [1128.0907   525.04834]
 [1122.2865   556.4689 ]
 [1099.8691   580.72253]
 [1071.1755   591.7341 ]
 [1035.6064   587.65857]
 [1008.89496  565.0707 ]]dwunastokat [[758.085   193.17696]
 [777.01135 166.46669]
 [805.15265 153.76799]
 [840.25385 157.44034]
 [866.17755 176.17294]
 [880.3313  207.27812]
 [878.9164  241.32164]
 [858.0992  266.65213]
 [827.75494 279.23532]
 [792.828   277.17648]
 [766.8785  257.42493]
 [751.45105 226.83914]]