czworokat [[796.87384 466.81918]
 [869.6879  410.9264 ]
 [925.1051  481.2901 ]
 [852.06573 537.78577]]czworokat [[304.49658 527.804  ]
 [356.2192  454.7925 ]
 [428.08252 505.49557]
 [378.1973  580.5821 ]]czworokat [[ 85.889854 773.8732  ]
 [162.67966  726.549   ]
 [210.4095   801.4975  ]
 [132.31491  851.0412  ]]czworokat [[ 407.20474  932.6348 ]
 [ 482.69785  881.3003 ]
 [ 534.5731   956.1693 ]
 [ 458.21213 1008.36237]]czworokat [[ 794.2793   923.909  ]
 [ 882.09375  896.06116]
 [ 907.33905  983.1334 ]
 [ 821.8468  1011.16223]]czworokat [[1151.871    871.3481 ]
 [1240.1212   885.9379 ]
 [1224.8342   977.21967]
 [1135.4028   961.21124]]szesciokat [[568.62463 451.6346 ]
 [578.4156  389.1227 ]
 [640.52704 364.8042 ]
 [690.37775 404.51505]
 [680.80896 468.9782 ]
 [619.32385 493.99292]]szesciokat [[540.87897 900.30255]
 [578.7729  848.9173 ]
 [641.9639  854.96924]
 [668.6583  912.5211 ]
 [634.1043  965.177  ]
 [566.83887 959.3106 ]]szesciokat [[1025.5502   806.5017 ]
 [1081.5765   772.5736 ]
 [1138.6844   805.0719 ]
 [1139.4231   867.29034]
 [1082.1833   901.3044 ]
 [1025.4402   868.9031 ]]szesciokat [[674.82214 648.5001 ]
 [727.6639  609.50806]
 [787.20374 633.4022 ]
 [795.07996 696.1788 ]
 [745.1969  737.7975 ]
 [684.19214 714.34784]]osmiokat [[547.5069   101.41348 ]
 [565.4637    53.600437]
 [611.45557   34.201313]
 [657.8702    51.166115]
 [676.75507   94.20964 ]
 [660.64655  141.15079 ]
 [613.4028   162.69394 ]
 [566.74005  146.3592  ]]osmiokat [[175.95981 571.3918 ]
 [200.22104 528.9943 ]
 [246.93124 516.06903]
 [290.2705  540.3669 ]
 [299.71866 588.102  ]
 [278.8682  630.9768 ]
 [228.86325 643.1789 ]
 [187.12946 618.7593 ]]osmiokat [[ 905.3539   329.29895]
 [ 947.27637  301.51657]
 [ 994.5872   311.3    ]
 [1024.4213   350.68628]
 [1015.149    401.08746]
 [ 976.73065  427.1134 ]
 [ 928.6237   421.11725]
 [ 896.85925  378.43607]]osmiokat [[1101.7213     47.678375]
 [1142.6224     19.643826]
 [1189.7048     25.21841 ]
 [1220.0815     63.8266  ]
 [1210.8933    114.70213 ]
 [1169.9011    143.7553  ]
 [1122.836     138.13016 ]
 [1093.4984     96.54488 ]]osmiokat [[1559.2671   720.8081 ]
 [1600.7013   694.979  ]
 [1646.6478   701.3012 ]
 [1676.3937   740.6503 ]
 [1670.3292   789.7629 ]
 [1629.3907   819.48016]
 [1578.8688   813.73553]
 [1550.3082   770.8973 ]]dwunastokat [[753.92694 228.9419 ]
 [756.8162  194.4368 ]
 [778.0212  165.74863]
 [804.00055 154.49796]
 [838.9703  158.23354]
 [866.28    176.79318]
 [879.6691  203.32478]
 [875.94    240.07747]
 [857.34357 266.67087]
 [826.7276  279.3849 ]
 [792.2566  277.9597 ]
 [765.84717 255.70946]]dwunastokat [[1215.9429   474.9053 ]
 [1230.6803   445.18448]
 [1258.4685   426.7585 ]
 [1289.3585   424.18716]
 [1318.6893   437.34647]
 [1339.5392   464.69003]
 [1342.4082   501.2699 ]
 [1329.4137   528.7426 ]
 [1298.7427   549.7615 ]
 [1266.7268   550.9834 ]
 [1236.78     536.6517 ]
 [1216.5626   508.28036]]dwunastokat [[ 925.37427  685.929  ]
 [ 957.053    678.41406]
 [ 985.62195  685.3392 ]
 [1013.93604  714.6237 ]
 [1020.002    744.1271 ]
 [1010.5379   777.263  ]
 [ 986.10455  800.25543]
 [ 952.1403   808.05945]
 [ 920.0702   798.2518 ]
 [ 898.0795   773.96643]
 [ 890.85736  739.65643]
 [ 901.2187   706.03064]]dwunastokat [[303.53412 749.50214]
 [325.8116  726.62177]
 [359.43634 718.4496 ]
 [386.93817 725.641  ]
 [413.6018  748.1268 ]
 [421.85385 778.691  ]
 [415.05048 811.006  ]
 [394.87958 835.51965]
 [357.00336 846.5732 ]
 [325.1672  838.83374]
 [302.95255 816.27026]
 [291.70377 780.35406]]dwunastokat [[1114.1597 1112.1401]
 [1140.438  1090.8926]
 [1170.7709 1085.0072]
 [1200.182  1092.0609]
 [1225.7434 1119.9044]
 [1232.1311 1153.9158]
 [1220.1808 1186.9146]
 [1193.37   1207.8713]
 [1159.3185 1210.9332]
 [1128.5911 1200.6407]
 [1108.6893 1175.8395]
 [1101.7566 1139.0984]]