czworokat [[758.0104  512.9054 ]
 [791.24023 428.86755]
 [875.8845  459.27075]
 [844.55426 545.9984 ]]czworokat [[136.25586 458.37607]
 [204.82507 399.2875 ]
 [262.98096 465.40036]
 [195.29384 526.7064 ]]czworokat [[ 259.89905 1134.6674 ]
 [ 321.4095  1066.6752 ]
 [ 388.67004 1128.9808 ]
 [ 326.53668 1196.5963 ]]czworokat [[652.545   643.6931 ]
 [743.2916  656.5076 ]
 [730.5039  745.573  ]
 [640.587   733.56854]]czworokat [[ 797.9407   923.30414]
 [ 884.46515  896.3331 ]
 [ 910.94824  983.5845 ]
 [ 824.2275  1009.46875]]szesciokat [[199.25142 818.1334 ]
 [239.42471 767.4958 ]
 [303.76752 776.6723 ]
 [328.2263  838.0824 ]
 [285.2842  891.11145]
 [220.87282 879.67456]]szesciokat [[1281.9791   925.44   ]
 [1335.4889   883.7497 ]
 [1393.489    908.30615]
 [1402.3556   971.09283]
 [1352.0715  1013.0298 ]
 [1290.9193   987.7484 ]]szesciokat [[1250.5376   590.3913 ]
 [1309.0907   567.8603 ]
 [1358.5503   608.37604]
 [1349.2411   672.4546 ]
 [1289.5656   695.0747 ]
 [1239.7386   655.0963 ]]osmiokat [[786.0463  219.54745]
 [795.9491  170.7966 ]
 [834.2724  143.03035]
 [883.86426 151.9517 ]
 [912.4305  191.84973]
 [901.3587  241.80368]
 [863.47107 267.73578]
 [815.404   262.46362]]osmiokat [[554.9508    98.52746 ]
 [573.282     53.667786]
 [619.2206    32.9539  ]
 [664.9373    49.788765]
 [683.523     93.571   ]
 [667.0944   140.84578 ]
 [621.45435  161.43553 ]
 [575.1413   144.75536 ]]osmiokat [[500.55612 814.2318 ]
 [520.2894  768.2337 ]
 [564.03876 752.47107]
 [611.22107 769.92426]
 [627.8824  814.8691 ]
 [610.3172  861.40344]
 [563.36005 879.06256]
 [518.20074 860.0113 ]]osmiokat [[1562.2402   725.2954 ]
 [1604.0146   696.8939 ]
 [1650.6167   702.9164 ]
 [1681.3881   742.5536 ]
 [1674.3674   793.36816]
 [1632.7192   822.4204 ]
 [1583.5149   815.0447 ]
 [1555.3005   776.06384]]osmiokat [[1108.3259     48.82429 ]
 [1151.3345     19.761337]
 [1195.9548     25.46257 ]
 [1226.0474     65.19676 ]
 [1217.3723    116.4077  ]
 [1176.6887    144.8295  ]
 [1128.122     138.37207 ]
 [1099.5005     97.77962 ]]dwunastokat [[786.1335  711.0248 ]
 [805.41895 683.0456 ]
 [834.92676 670.1311 ]
 [867.8808  672.941  ]
 [892.9767  688.6293 ]
 [908.9727  716.89966]
 [908.3443  755.2667 ]
 [891.0861  781.67676]
 [861.8153  797.48737]
 [825.35645 794.731  ]
 [797.65356 777.06964]
 [783.2654  744.6423 ]]dwunastokat [[190.89821 170.23729]
 [202.28528 140.13641]
 [227.02834 117.97025]
 [256.61252 112.051  ]
 [288.36212 119.91063]
 [310.62592 147.58936]
 [315.02243 184.89044]
 [303.48062 214.09457]
 [277.9259  236.43588]
 [248.52475 239.68768]
 [218.78168 227.31714]
 [197.74657 204.80298]]dwunastokat [[ 952.06476  380.66095]
 [ 972.9296   357.50568]
 [1004.4143   346.59735]
 [1040.3765   353.4932 ]
 [1061.1383   374.67316]
 [1072.3839   405.67114]
 [1066.5735   440.18997]
 [1045.3922   461.6516 ]
 [1011.38275  474.3239 ]
 [ 977.48047  469.32028]
 [ 955.7805   448.25192]
 [ 943.22955  414.8181 ]]dwunastokat [[1388.1538   392.5884 ]
 [1414.852    373.55005]
 [1451.3678   369.3158 ]
 [1480.9183   383.68097]
 [1499.6537   408.65527]
 [1503.113    444.7896 ]
 [1490.409    472.72128]
 [1462.1505   492.4201 ]
 [1428.1262   495.83813]
 [1399.8488   481.93866]
 [1377.4819   453.93973]
 [1376.1588   421.23654]]