dwunastokat [[ 215.13477 1045.6489 ]
 [ 222.8407  1015.75073]
 [ 246.39719  991.1258 ]
 [ 275.25708  980.89514]
 [ 305.37283  985.86   ]
 [ 333.90417 1008.7792 ]
 [ 343.25604 1039.0804 ]
 [ 338.807   1066.1776 ]
 [ 317.2411  1097.9386 ]
 [ 280.8941  1109.2766 ]
 [ 248.86197 1099.6329 ]
 [ 223.74506 1078.4626 ]]szesciokat [[1160.2832   542.35474]
 [1210.3071   508.1217 ]
 [1266.8772   540.68866]
 [1269.0594   604.4236 ]
 [1213.8108   637.1201 ]
 [1157.8934   603.99695]]czworokat [[606.2941  441.5376 ]
 [676.22394 384.5176 ]
 [732.80676 453.90543]
 [663.1256  511.94934]]osmiokat [[ 851.704   1008.3598 ]
 [ 865.35864  963.7149 ]
 [ 908.63513  937.7698 ]
 [ 951.8973   947.4011 ]
 [ 980.775    990.762  ]
 [ 967.5685  1039.7668 ]
 [ 925.79175 1064.2465 ]
 [ 876.58246 1052.2798 ]]