czworokat [[758.3112  512.6051 ]
 [791.17755 427.98145]
 [876.746   459.60272]
 [844.48346 544.8074 ]]czworokat [[402.6161  582.924  ]
 [464.52603 515.39996]
 [531.83545 576.17084]
 [468.96988 645.1658 ]]czworokat [[486.12726 642.57605]
 [556.30865 587.5941 ]
 [613.1009  657.918  ]
 [542.5968  714.9825 ]]czworokat [[662.1712  663.5719 ]
 [705.22296 585.66785]
 [784.79803 629.69965]
 [740.9064  708.51373]]czworokat [[603.91315 784.81305]
 [691.2304  755.3554 ]
 [720.43024 841.7793 ]
 [634.71155 871.9458 ]]czworokat [[ 797.5343  924.1301]
 [ 884.3746  896.526 ]
 [ 911.8055  985.049 ]
 [ 823.478  1009.9645]]szesciokat [[600.0576  472.94495]
 [626.8083  414.20935]
 [693.266   409.55136]
 [727.6275  462.11713]
 [700.6615  522.2156 ]
 [633.4316  525.8585 ]]szesciokat [[ 933.1245   679.53577]
 [ 978.598    635.6236 ]
 [1041.4402   651.9773 ]
 [1057.8969   714.21747]
 [1013.014    761.6885 ]
 [ 948.8458   743.3215 ]]szesciokat [[1101.8876   730.869  ]
 [1163.2166   710.85394]
 [1212.4005   754.0342 ]
 [1199.0758   817.3353 ]
 [1136.8016   838.1896 ]
 [1089.7522   795.5085 ]]szesciokat [[ 943.1174   877.1797 ]
 [ 971.052    820.5093 ]
 [1034.3385   814.9654 ]
 [1070.8588   868.0461 ]
 [1041.1044   927.14813]
 [ 976.32605  929.78534]]szesciokat [[ 632.85187  935.9938 ]
 [ 686.67896  903.5579 ]
 [ 742.3409   934.8652 ]
 [ 745.38446  999.29083]
 [ 690.0622  1033.9164 ]
 [ 633.1435  1001.25757]]osmiokat [[555.66174   98.4038  ]
 [572.757     53.204872]
 [619.041     33.331543]
 [665.38153   52.29264 ]
 [683.2774    94.426704]
 [666.9367   142.17564 ]
 [620.9374   161.1064  ]
 [573.9318   145.1214  ]]osmiokat [[794.38354 171.74968]
 [834.27484 143.65332]
 [882.9117  151.26602]
 [910.8442  191.16924]
 [901.6805  239.84698]
 [863.471   267.70514]
 [815.0911  262.4317 ]
 [785.431   219.86264]]osmiokat [[1150.7518     19.483765]
 [1198.8143     27.320492]
 [1226.0271     66.35636 ]
 [1216.748     115.528534]
 [1174.7738    143.98106 ]
 [1127.384     137.71422 ]
 [1100.5902     98.07147 ]
 [1109.1859     46.2403  ]]osmiokat [[504.7841  777.91345]
 [550.55286 766.4975 ]
 [593.6432  790.34436]
 [606.1058  837.23224]
 [582.05615 879.51624]
 [534.6959  891.81464]
 [493.2761  871.4536 ]
 [477.5961  821.4496 ]]osmiokat [[ 421.12073  887.4338 ]
 [ 468.0447   882.3776 ]
 [ 507.83768  911.7183 ]
 [ 512.699    962.1551 ]
 [ 480.6576  1003.9634 ]
 [ 432.41638 1006.69824]
 [ 393.6736   976.5086 ]
 [ 389.52243  926.1607 ]]szesciokat [[ 893.28186 1028.2444 ]
 [ 955.80176 1018.9059 ]
 [ 997.7388  1068.7001 ]
 [ 973.84845 1131.2523 ]
 [ 908.8535  1139.8743 ]
 [ 869.1332  1091.2059 ]]dwunastokat [[201.87747  140.96835 ]
 [227.7543   117.14459 ]
 [254.33138  112.177086]
 [289.46155  121.61836 ]
 [312.35858  149.39935 ]
 [317.35138  180.67862 ]
 [309.6597   208.65694 ]
 [286.60785  233.33987 ]
 [253.8103   240.85356 ]
 [219.54762  230.36856 ]
 [198.2785   204.71983 ]
 [190.15518  170.4312  ]]osmiokat [[429.36325 395.50217]
 [464.02646 359.74686]
 [512.656   357.75455]
 [549.3812  392.62717]
 [549.4735  442.20776]
 [519.7954  476.61188]
 [467.14044 479.46375]
 [431.77908 445.1158 ]]dwunastokat [[ 949.95624  382.0261 ]
 [ 973.3312   357.6061 ]
 [1005.46814  347.35406]
 [1037.6337   354.54724]
 [1060.9176   374.45157]
 [1072.4667   407.66873]
 [1064.7786   441.50412]
 [1045.7958   465.20795]
 [1013.04596  475.3552 ]
 [ 978.162    469.10876]
 [ 953.35657  447.71124]
 [ 943.00745  417.12393]]dwunastokat [[1123.6016   503.9681 ]
 [1148.97     485.93396]
 [1182.0148   481.38828]
 [1210.956    492.9664 ]
 [1232.8934   518.1566 ]
 [1239.7732   555.06445]
 [1226.0748   585.0769 ]
 [1200.2429   603.3893 ]
 [1167.7765   608.4431 ]
 [1136.075    595.8748 ]
 [1115.2252   570.40643]
 [1109.5879   535.81305]]dwunastokat [[803.61273 685.4509 ]
 [835.6779  669.41016]
 [868.60156 670.9996 ]
 [894.97723 689.1997 ]
 [910.6639  719.03406]
 [908.154   752.6773 ]
 [890.25464 781.9786 ]
 [861.6458  796.5114 ]
 [826.4188  795.323  ]
 [798.13477 777.3703 ]
 [784.03534 746.1972 ]
 [785.98175 711.89734]]