czworokat [[439.6012  468.8081 ]
 [508.70898 412.4097 ]
 [569.0372  480.25452]
 [496.72385 538.1391 ]]czworokat [[664.4881  838.5325 ]
 [746.40344 798.22626]
 [787.5043  878.2332 ]
 [704.89905 920.1261 ]]czworokat [[492.6198  734.4753 ]
 [568.91003 779.11005]
 [522.3261  857.77075]
 [444.7568  810.9272 ]]szesciokat [[1064.0521   302.77133]
 [1126.2938   288.26968]
 [1171.4937   336.10788]
 [1153.2109   396.39188]
 [1089.1139   410.03232]
 [1044.436    365.859  ]]osmiokat [[810.26263 500.409  ]
 [856.44037 486.27634]
 [900.70044 508.9708 ]
 [915.4497  556.6866 ]
 [892.24603 600.5843 ]
 [843.9464  614.37885]
 [799.66223 591.7843 ]
 [785.79034 541.552  ]]osmiokat [[ 917.5417   823.4517 ]
 [ 963.95874  812.9095 ]
 [1005.95844  834.98065]
 [1020.0923   884.4988 ]
 [ 995.6303   926.4724 ]
 [ 947.57837  941.63336]
 [ 903.9881   915.22156]
 [ 891.52484  864.86536]]dwunastokat [[775.23254 312.5164 ]
 [797.90546 291.5488 ]
 [828.5905  282.07355]
 [863.10205 290.60135]
 [885.8456  311.69308]
 [893.4379  344.5374 ]
 [886.2847  377.64175]
 [861.39545 403.04727]
 [828.9349  410.57925]
 [799.4494  404.42807]
 [774.0092  378.13376]
 [763.99536 347.1869 ]]dwunastokat [[1188.9869   586.91547]
 [1225.0588   582.8646 ]
 [1255.0271   596.0275 ]
 [1273.9443   622.32135]
 [1276.2426   657.10065]
 [1260.6378   687.3773 ]
 [1235.734    706.5745 ]
 [1201.5894   708.9792 ]
 [1171.9697   695.6376 ]
 [1153.5021   668.8111 ]
 [1149.9705   635.1318 ]
 [1164.2251   603.0327 ]]