czworokat [[668.3099  720.72614]
 [757.8269  706.9581 ]
 [771.98834 795.352  ]
 [684.31464 811.23816]]czworokat [[1101.4235   648.495  ]
 [1183.2028   686.4385 ]
 [1145.7313   767.75507]
 [1063.7498   730.367  ]]czworokat [[ 516.6014  1072.384  ]
 [ 600.3547  1038.2223 ]
 [ 632.0626  1123.7814 ]
 [ 548.32684 1156.0564 ]]czworokat [[1022.2288 1079.0818]
 [1107.6967 1044.0417]
 [1139.9478 1131.13  ]
 [1056.2911 1163.746 ]]szesciokat [[282.23013 866.9608 ]
 [342.82437 838.84393]
 [395.16745 873.6783 ]
 [390.76227 940.6009 ]
 [331.13684 969.0784 ]
 [276.5518  932.18427]]szesciokat [[1238.6781   944.7581 ]
 [1301.6111   930.52075]
 [1345.4556   976.0345 ]
 [1327.3529  1037.6122 ]
 [1263.7969  1053.7291 ]
 [1220.1958  1007.947  ]]szesciokat [[1495.0131   639.2581 ]
 [1547.1766   603.5082 ]
 [1603.1638   629.4053 ]
 [1609.3962   693.1595 ]
 [1556.4686   731.08936]
 [1499.5502   704.9724 ]]osmiokat [[1089.9283   334.9631 ]
 [1124.37     300.63455]
 [1172.9296   300.62323]
 [1208.2872   333.23138]
 [1209.3569   385.67596]
 [1175.4791   418.28113]
 [1127.0654   421.2013 ]
 [1092.6345   389.82788]]dwunastokat [[765.8465  344.28586]
 [775.1765  313.4416 ]
 [799.1112  290.56552]
 [829.7401  282.373  ]
 [861.97327 289.81482]
 [887.25555 314.3666 ]
 [894.8147  346.21936]
 [886.97626 376.6526 ]
 [867.4697  400.3436 ]
 [832.27295 408.843  ]
 [795.7339  401.79507]
 [772.9429  378.28116]]dwunastokat [[380.2926  524.44403]
 [397.46146 496.7784 ]
 [425.45526 479.78333]
 [458.97748 480.61777]
 [486.60086 496.36243]
 [505.47137 525.3251 ]
 [504.92905 556.37195]
 [488.8551  587.70544]
 [460.06918 604.1565 ]
 [423.9671  604.7516 ]
 [395.91522 588.83905]
 [379.81177 559.1878 ]]