czworokat [[605.7256  441.78674]
 [676.6837  385.14813]
 [734.01697 454.4127 ]
 [663.32043 512.83453]]szesciokat [[838.5123  753.4897 ]
 [882.80927 706.9046 ]
 [944.30615 719.1649 ]
 [965.0863  778.3529 ]
 [922.3769  829.15063]
 [858.22614 815.26544]]osmiokat [[1020.7069   376.02393]
 [1057.7987   341.6289 ]
 [1106.8616   342.88214]
 [1140.5367   378.66525]
 [1139.9436   430.0182 ]
 [1102.4767   463.62967]
 [1052.9274   461.8845 ]
 [1020.8788   427.27124]]dwunastokat [[411.49265 892.084  ]
 [435.3143  868.39325]
 [468.16336 862.86707]
 [498.20908 870.2172 ]
 [524.03357 900.3559 ]
 [529.84265 927.8723 ]
 [519.10504 959.522  ]
 [496.451   982.7417 ]
 [462.58234 989.707  ]
 [432.71768 981.38654]
 [409.60678 956.24304]
 [400.5515  923.78406]]