czworokat [[1110.2838   379.87656]
 [1201.0616   386.14594]
 [1194.7825   474.81308]
 [1103.8195   469.10736]]czworokat [[806.56476 731.9559 ]
 [884.12427 685.67755]
 [931.20526 763.64575]
 [853.2677  810.3449 ]]szesciokat [[ 547.9633 1102.4823]
 [ 593.4716 1056.5431]
 [ 655.6371 1069.7389]
 [ 673.1424 1131.5255]
 [ 630.0873 1180.9503]
 [ 564.7943 1164.8165]]osmiokat [[804.0772  426.02194]
 [840.2738  395.007  ]
 [888.5964  398.10532]
 [921.7976  433.3519 ]
 [918.7795  482.85504]
 [884.13403 514.89496]
 [831.40234 514.4865 ]
 [798.9061  474.4349 ]]