czworokat [[1376.9827   554.7895 ]
 [1464.2028   581.33344]
 [1439.371    667.03705]
 [1351.9729   642.0388 ]]szesciokat [[ 969.9196   655.40625]
 [1019.62775  616.63806]
 [1080.4314   639.26843]
 [1090.3425   704.9345 ]
 [1040.5233   742.9544 ]
 [ 978.6144   720.214  ]]szesciokat [[504.2525  747.1072 ]
 [545.01825 697.09906]
 [607.93634 706.0241 ]
 [629.8304  767.0038 ]
 [590.4992  816.66077]
 [527.03174 808.359  ]]osmiokat [[803.89667 426.09192]
 [841.1764  394.65573]
 [889.92957 397.4408 ]
 [921.2265  434.18658]
 [919.33997 483.30627]
 [882.82367 515.7257 ]
 [831.59235 514.18616]
 [799.471   476.02222]]