czworokat [[603.93207 544.28955]
 [692.2645  562.43964]
 [672.5972  651.11145]
 [584.271   633.50757]]czworokat [[197.62079 818.0771 ]
 [253.61931 747.10333]
 [326.05093 801.7495 ]
 [268.62662 875.1374 ]]szesciokat [[1030.6943   341.9476 ]
 [1041.6902   281.27817]
 [1102.7389   259.72083]
 [1150.7632   301.3146 ]
 [1140.104    364.23688]
 [1077.8583   385.88376]]osmiokat [[ 850.8853  1045.9415 ]
 [ 874.0889  1005.87396]
 [ 921.86176  991.7026 ]
 [ 966.2166  1015.272  ]
 [ 978.0543  1059.9316 ]
 [ 954.37897 1104.7412 ]
 [ 907.33527 1117.6776 ]
 [ 863.4732  1093.9354 ]]osmiokat [[1014.74963  816.8439 ]
 [1050.5796   784.7113 ]
 [1099.4563   784.8858 ]
 [1134.2155   821.89923]
 [1132.2523   873.3396 ]
 [1095.9154   905.5994 ]
 [1043.8448   903.39703]
 [1011.11816  867.01135]]osmiokat [[1492.517    653.9232 ]
 [1524.6385   616.52655]
 [1574.4797   613.65485]
 [1610.7504   645.1681 ]
 [1613.9397   695.4195 ]
 [1579.1766   734.20917]
 [1528.7872   735.08746]
 [1495.3546   702.8687 ]]dwunastokat [[358.537   654.022  ]
 [365.47958 621.17566]
 [387.83286 597.6193 ]
 [419.79233 587.8208 ]
 [456.19476 595.7663 ]
 [480.16504 618.63025]
 [487.8716  647.8282 ]
 [478.7811  683.0189 ]
 [457.97626 703.7223 ]
 [423.1456  715.64   ]
 [391.50903 709.42163]
 [368.6742  686.88403]]