czworokat [[ 482.88828 1032.166  ]
 [ 548.2942   968.72754]
 [ 611.58826 1032.7087 ]
 [ 547.2682  1098.7334 ]]szesciokat [[1097.573    767.0549 ]
 [1154.8281   742.2128 ]
 [1207.7036   776.66156]
 [1201.9899   840.976  ]
 [1143.3636   869.9464 ]
 [1092.5349   833.4227 ]]osmiokat [[342.6368  592.00854]
 [374.03815 552.1754 ]
 [424.4724  548.9009 ]
 [461.54956 580.09143]
 [464.16446 624.1946 ]
 [432.9398  667.16064]
 [383.91055 671.0411 ]
 [346.9208  640.2037 ]]dwunastokat [[799.64557 489.12906]
 [813.519   462.63367]
 [839.85547 442.58237]
 [876.6306  439.81134]
 [905.4829  453.99274]
 [924.9051  480.18692]
 [927.2026  514.1605 ]
 [913.0187  543.6106 ]
 [887.0001  563.6942 ]
 [854.9915  565.2846 ]
 [822.0525  553.9301 ]
 [803.1893  525.90576]]